,spectral_clustering,spectral_clustering,spectral_clustering,spectral_clustering,normalized_spectral_clustering,normalized_spectral_clustering,normalized_spectral_clustering,normalized_spectral_clustering,louvain,louvain,louvain,louvain,mst_cut_clustering,mst_cut_clustering,mst_cut_clustering,mst_cut_clustering
,RI,ARI,MI,AMI,RI,ARI,MI,AMI,RI,ARI,MI,AMI,RI,ARI,MI,AMI
r_in,,,,,,,,,,,,,,,,
0.8,1.0,1.0,0.6931471805599455,1.0,1.0,1.0,0.6931471805599455,1.0,1.0,1.0,0.6931471805599455,1.0,1.0,1.0,0.6931471805599455,1.0
0.8,1.0,1.0,0.6931471805599455,1.0,1.0,1.0,0.6931471805599455,1.0,1.0,1.0,0.6931471805599455,1.0,1.0,1.0,0.6931471805599455,1.0
0.8,1.0,1.0,0.6931471805599455,1.0,1.0,1.0,0.6931471805599455,1.0,1.0,1.0,0.6931471805599455,1.0,1.0,1.0,0.6931471805599455,1.0
0.8,1.0,1.0,0.6931471805599455,1.0,1.0,1.0,0.6931471805599455,1.0,1.0,1.0,0.6931471805599455,1.0,1.0,1.0,0.6931471805599455,1.0
0.8,1.0,1.0,0.6931471805599455,1.0,1.0,1.0,0.6931471805599455,1.0,1.0,1.0,0.6931471805599455,1.0,1.0,1.0,0.6931471805599455,1.0
0.8,1.0,1.0,0.6931471805599455,1.0,1.0,1.0,0.6931471805599455,1.0,1.0,1.0,0.6931471805599455,1.0,1.0,1.0,0.6931471805599455,1.0
0.8,1.0,1.0,0.6931471805599455,1.0,1.0,1.0,0.6931471805599455,1.0,1.0,1.0,0.6931471805599455,1.0,1.0,1.0,0.6931471805599455,1.0
0.8,1.0,1.0,0.6931471805599455,1.0,1.0,1.0,0.6931471805599455,1.0,1.0,1.0,0.6931471805599455,1.0,1.0,1.0,0.6931471805599455,1.0
0.8,1.0,1.0,0.6931471805599455,1.0,1.0,1.0,0.6931471805599455,1.0,1.0,1.0,0.6931471805599455,1.0,1.0,1.0,0.6931471805599455,1.0
0.8,1.0,1.0,0.6931471805599455,1.0,1.0,1.0,0.6931471805599455,1.0,1.0,1.0,0.6931471805599455,1.0,1.0,1.0,0.6931471805599455,1.0
0.8,1.0,1.0,0.6931471805599455,1.0,1.0,1.0,0.6931471805599455,1.0,1.0,1.0,0.6931471805599455,1.0,1.0,1.0,0.6931471805599455,1.0
0.8,1.0,1.0,0.6931471805599455,1.0,1.0,1.0,0.6931471805599455,1.0,1.0,1.0,0.6931471805599455,1.0,1.0,1.0,0.6931471805599455,1.0
0.8,1.0,1.0,0.6931471805599455,1.0,1.0,1.0,0.6931471805599455,1.0,1.0,1.0,0.6931471805599455,1.0,1.0,1.0,0.6931471805599455,1.0
0.8,1.0,1.0,0.6931471805599455,1.0,1.0,1.0,0.6931471805599455,1.0,1.0,1.0,0.6931471805599455,1.0,1.0,1.0,0.6931471805599455,1.0
0.8,1.0,1.0,0.6931471805599455,1.0,1.0,1.0,0.6931471805599455,1.0,1.0,1.0,0.6931471805599455,1.0,1.0,1.0,0.6931471805599455,1.0
0.8,1.0,1.0,0.6931471805599455,1.0,1.0,1.0,0.6931471805599455,1.0,1.0,1.0,0.6931471805599455,1.0,1.0,1.0,0.6931471805599455,1.0
0.8,1.0,1.0,0.6931471805599455,1.0,1.0,1.0,0.6931471805599455,1.0,1.0,1.0,0.6931471805599455,1.0,1.0,1.0,0.6931471805599455,1.0
0.8,1.0,1.0,0.6931471805599455,1.0,1.0,1.0,0.6931471805599455,1.0,1.0,1.0,0.6931471805599455,1.0,0.9974423076923077,0.995,0.6897696907944686,0.995
0.8,1.0,1.0,0.6931471805599455,1.0,1.0,1.0,0.6931471805599455,1.0,1.0,1.0,0.6931471805599455,1.0,1.0,1.0,0.6931471805599455,1.0
0.8,0.9974423076923077,0.995,0.6897696907944686,0.995,1.0,1.0,0.6931471805599455,1.0,1.0,1.0,0.6931471805599455,1.0,0.992326923076923,0.985,0.6830147112635152,0.985
0.8,1.0,1.0,0.6931471805599455,1.0,1.0,1.0,0.6931471805599455,1.0,1.0,1.0,0.6931471805599455,1.0,0.9974615384615384,0.9950257665550116,0.6898613134403964,0.9952153612176179
0.8,0.9974423076923077,0.995,0.6897696907944686,0.995,1.0,1.0,0.6931471805599455,1.0,1.0,1.0,0.6931471805599455,1.0,0.9974423076923077,0.995,0.6897696907944686,0.995
0.8,0.992326923076923,0.985,0.6830147112635152,0.985,1.0,1.0,0.6931471805599455,1.0,0.9998782051282052,0.999755944931164,0.6931471805599455,0.9996515424954134,0.9948846153846154,0.99,0.6863922010289919,0.99
0.8,0.9923782051282052,0.985077474336626,0.6832016147230168,0.9854185567611142,1.0,1.0,0.6931471805599455,1.0,1.0,1.0,0.6931471805599455,1.0,0.9820961538461538,0.965,0.6695047522016081,0.965
0.8,0.9918269230769231,0.9839994079336886,0.6820096298332372,0.9835301158427637,1.0,1.0,0.6931471805599455,1.0,1.0,1.0,0.6931471805599455,1.0,0.9667500000000001,0.935,0.6492398136087476,0.935
0.8,0.9897692307692307,0.98,0.6796372214980383,0.98,1.0,1.0,0.6931471805599455,1.0,0.9991474358974358,0.9982892624784175,0.6929738937648053,0.9975691506636069,0.9590769230769232,0.92,0.6391073443123174,0.92
0.8,0.9800576923076924,0.9609394003217949,0.6667569724361563,0.9611050467862544,1.0,1.0,0.6931471805599455,1.0,0.9993910256410257,0.9987797246558198,0.6931471805599455,0.9982577124770671,0.9488461538461539,0.9,0.6255973852504103,0.9
0.8,0.976551282051282,0.9541026488253261,0.662023217345806,0.9541640338214958,1.0,1.0,0.6931471805599455,1.0,0.9988974358974358,0.9977900646929152,0.6929738937648053,0.9967778462679746,0.9437307692307693,0.89,0.6188424057194568,0.8899999999999999
0.8,0.9736858974358975,0.9485249604782886,0.6580319929223285,0.9480472680503188,0.9997499999999999,0.9994997039668442,0.6926446398448064,0.9992650579213819,0.9976923076923075,0.9953711363282346,0.6929738937648053,0.9935040803784939,0.8951346153846154,0.795,0.5546701001753984,0.7949999999999997
0.8,0.9584615384615384,0.9187059245136616,0.6380691301295446,0.9188304223760528,1.0,1.0,0.6931471805599455,1.0,0.9944102564102564,0.988778136528863,0.6927352009516948,0.985330565053028,0.8665,0.7389994079336886,0.516512631324876,0.7385301158427634
0.8,0.9491089743589743,0.9003596925694307,0.6251530645777383,0.8997201878709988,0.9995,0.9989994079336886,0.6921420991296674,0.9985301158427637,0.9908461538461537,0.981615138648488,0.6922153405662749,0.9758935303124511,0.7639615384615385,0.5385248784555444,0.38100212263659455,0.538010534981763
0.8,0.9065833333333333,0.8170583390531945,0.5688108766977762,0.8168930905004427,0.998,0.9959976317347542,0.6891268548388334,0.9941204633710551,0.9868782051282051,0.9736488011270105,0.6921074597891055,0.9656777654476602,0.7491153846153845,0.5095254705218558,0.3617422654740121,0.5094804191389993
0.8,0.867897435897436,0.7415142356228892,0.5184753106639876,0.7424626390515212,0.9984999999999999,0.9969982238010657,0.6901319362691113,0.9955903475282912,0.965051282051282,0.9295453950056752,0.6901554425250221,0.9205599570187735,0.6674166666666668,0.34973177763353985,0.25430760966789645,0.3509757819882023
0.8,0.8138461538461539,0.6355478086452019,0.4464021678010011,0.6367493253509471,0.9970256410256411,0.9940478882461987,0.6872965293543934,0.9914433375698793,0.9471666666666665,0.8936025238357042,0.6860675913511443,0.8772909003755018,0.6033653846153846,0.22457700363187907,0.1694085941336926,0.2249111415742346
0.8,0.7407628205128205,0.4926514085510416,0.3499861751856737,0.4942639527546649,0.9938269230769231,0.987647862512685,0.6814800457359291,0.9829789338948046,0.8821666666666667,0.7617059389645623,0.6775412200253331,0.761421035697451,0.5269166666666667,0.07512900744664919,0.06868172269810285,0.07584927919634893
0.8,0.6659551282051283,0.34581145534571706,0.2513051895882583,0.350075298728226,0.9852179487179487,0.9704222459946847,0.6652314338038403,0.9592725134917042,0.8162243589743587,0.6275847648524189,0.6660433474914365,0.6513508798602635,0.49871153846153843,0.020025766555011596,0.03125080917242913,0.02021536121761691
0.8,0.5462884615384616,0.11208586920323686,0.09555117470332557,0.11946414899460343,0.9624166666666666,0.9248088455263433,0.6232530349108982,0.8979788958037912,0.7026410256410256,0.3949391374674162,0.6374761488711083,0.4862799571519355,0.4911410256410255,0.005156062329411357,0.021491865135960856,0.006075408474847566
0.8,0.4921346153846154,0.006569440656768994,0.02497362385788488,0.014018585627074604,0.9082628205128205,0.8164847802505716,0.5346972748655546,0.7687628192993397,0.6120128205128205,0.20815622439198364,0.5762895149584994,0.3365868657498002,0.4884743589743589,1.2883277505797499e-06,0.01765260397319914,1.0768060879987589e-05
0.8,0.4898461538461538,0.0024026069148269406,0.020703914842602335,0.006053031756050216,0.7195384615384616,0.4392639030218931,0.2733724946479821,0.38672430557784965,0.5522435897435897,0.0844163530937223,0.43777499946681003,0.17976878561933887,0.4885192307692307,7.729966503478486e-05,0.01792409540237765,0.0006460836528524805
0.8,0.488525641025641,-1.6800662234899044e-05,0.017600790644791656,-7.172672393065023e-05,0.5009166666666667,0.0028110862280324366,0.014593687385595158,0.0023304987134015265,0.511525641025641,0.00042817061611224007,0.2275798814462794,0.0011416191408481241,0.4884743589743589,1.2883277505797499e-06,0.017652603973199142,1.0768060879987711e-05
