,spectral_clustering,spectral_clustering,normalized_spectral_clustering,normalized_spectral_clustering,louvain,louvain
,RI,ARI,RI,ARI,RI,ARI
r_in,,,,,,
0.05,0.48902564102564106,-5.848588810982429e-05,0.5015512820512821,0.003950277741418201,0.5115961538461538,-0.0006290813258611374
0.07435897435897436,0.49983974358974365,0.020809672924435717,0.7134551282051282,0.427112768814353,0.5319423076923077,0.041248885636754655
0.09871794871794873,0.7671538461538461,0.5430628204702391,0.9701282051282051,0.940226278547199,0.5591602564102564,0.09766454213971794
0.12307692307692308,0.948076923076923,0.8981997843047111,0.99625,0.9924955595026642,0.5883141025641024,0.15836789416539482
0.14743589743589744,0.9971923076923076,0.9944997039668442,1.0,1.0,0.6489294871794872,0.2843865497313676
0.1717948717948718,1.0,1.0,1.0,1.0,0.8308461538461538,0.6575091894776003
0.19615384615384615,1.0,1.0,1.0,1.0,0.9753333333333333,0.9503893271901783
0.22051282051282053,1.0,1.0,1.0,1.0,0.997076923076923,0.9941420666810957
0.2448717948717949,1.0,1.0,1.0,1.0,0.9995128205128205,0.9990237797246558
0.2692307692307692,1.0,1.0,1.0,1.0,1.0,1.0
0.2935897435897436,1.0,1.0,1.0,1.0,1.0,1.0
0.31794871794871793,1.0,1.0,1.0,1.0,1.0,1.0
0.3423076923076923,1.0,1.0,1.0,1.0,1.0,1.0
0.3666666666666667,1.0,1.0,1.0,1.0,1.0,1.0
0.391025641025641,1.0,1.0,1.0,1.0,1.0,1.0
0.41538461538461535,1.0,1.0,1.0,1.0,1.0,1.0
0.4397435897435898,1.0,1.0,1.0,1.0,1.0,1.0
0.46410256410256406,1.0,1.0,1.0,1.0,1.0,1.0
0.48846153846153845,1.0,1.0,1.0,1.0,1.0,1.0
0.5128205128205128,1.0,1.0,1.0,1.0,1.0,1.0
0.5371794871794872,1.0,1.0,1.0,1.0,1.0,1.0
0.5615384615384615,1.0,1.0,1.0,1.0,1.0,1.0
0.5858974358974359,1.0,1.0,1.0,1.0,1.0,1.0
0.6102564102564103,1.0,1.0,1.0,1.0,1.0,1.0
0.6346153846153846,1.0,1.0,1.0,1.0,1.0,1.0
0.658974358974359,1.0,1.0,1.0,1.0,1.0,1.0
0.6833333333333333,1.0,1.0,1.0,1.0,1.0,1.0
0.7076923076923077,1.0,1.0,1.0,1.0,1.0,1.0
0.7320512820512821,1.0,1.0,1.0,1.0,1.0,1.0
0.7564102564102564,1.0,1.0,1.0,1.0,1.0,1.0
0.7807692307692308,1.0,1.0,1.0,1.0,1.0,1.0
0.8051282051282052,1.0,1.0,1.0,1.0,1.0,1.0
0.8294871794871796,1.0,1.0,1.0,1.0,1.0,1.0
0.8538461538461539,1.0,1.0,1.0,1.0,1.0,1.0
0.8782051282051282,1.0,1.0,1.0,1.0,1.0,1.0
0.9025641025641026,1.0,1.0,1.0,1.0,1.0,1.0
0.9269230769230768,1.0,1.0,1.0,1.0,1.0,1.0
0.9512820512820513,1.0,1.0,1.0,1.0,1.0,1.0
0.9756410256410256,1.0,1.0,1.0,1.0,1.0,1.0
1.0,1.0,1.0,1.0,1.0,1.0,1.0
