,spectral_clustering,spectral_clustering,normalized_spectral_clustering,normalized_spectral_clustering,louvain,louvain
,RI,ARI,RI,ARI,RI,ARI
r_in,,,,,,
0.05,0.4906794871794872,0.000992260557586566,0.5013653846153846,0.0034267337491803614,0.5110897435897436,-7.193421102961818e-05
0.07435897435897436,0.49159615384615385,0.0024181360523394687,0.5185961538461538,0.038271430907252914,0.5206730769230768,0.019673489032066963
0.09871794871794873,0.4904358974358975,0.0016345680850827118,0.5921153846153847,0.18493256051151197,0.5356730769230769,0.050604871184145354
0.12307692307692308,0.5054871794871795,0.030809834876836827,0.7302371794871795,0.46075860744669683,0.5601474358974358,0.10113090790664234
0.14743589743589744,0.5644871794871795,0.14658844378089753,0.8438653846153846,0.6877385358809718,0.5863397435897435,0.155349837072411
0.1717948717948718,0.6879358974358974,0.38755424885386264,0.9230320512820512,0.8460372640356928,0.6230128205128205,0.23127745194957738
0.19615384615384615,0.8199551282051283,0.6464901492267979,0.9629743589743589,0.925914206664643,0.6890320512820512,0.36743284811468074
0.22051282051282053,0.8836217948717947,0.7711645623939293,0.9791666666666667,0.9583105029765623,0.7591538461538461,0.5113319902914664
0.2448717948717949,0.9486987179487179,0.8992202936595612,0.993576923076923,0.987147309968085,0.851423076923077,0.699444414152008
0.2692307692307692,0.963326923076923,0.9279049210138175,0.9969999999999999,0.9939964476021315,0.9146923076923076,0.827835338314751
0.2935897435897436,0.9876025641025641,0.975546072525553,0.9982500000000001,0.99649792776791,0.9666474358974358,0.932898030649094
0.31794871794871793,0.9959423076923076,0.9919982238010657,0.9995,0.9989994079336886,0.9833205128205128,0.96648779690515
0.3423076923076923,0.9975128205128204,0.9950228882461986,0.99925,0.9984991119005329,0.9922115384615384,0.9843738633585069
0.3666666666666667,0.9990000000000001,0.9979988158673772,1.0,1.0,0.9972307692307691,0.9944436638429783
0.391025641025641,1.0,1.0,1.0,1.0,0.9995128205128205,0.9990237797246558
0.41538461538461535,1.0,1.0,1.0,1.0,0.9997564102564103,0.999511889862328
0.4397435897435898,0.9997499999999999,0.9994997039668442,1.0,1.0,0.9998782051282052,0.999755944931164
0.46410256410256406,1.0,1.0,1.0,1.0,0.9998782051282052,0.999755944931164
0.48846153846153845,0.9997499999999999,0.9994997039668442,1.0,1.0,0.9997564102564103,0.999511889862328
0.5128205128205128,1.0,1.0,1.0,1.0,1.0,1.0
0.5371794871794872,1.0,1.0,1.0,1.0,1.0,1.0
0.5615384615384615,1.0,1.0,1.0,1.0,1.0,1.0
0.5858974358974359,1.0,1.0,1.0,1.0,1.0,1.0
0.6102564102564103,1.0,1.0,1.0,1.0,1.0,1.0
0.6346153846153846,1.0,1.0,1.0,1.0,1.0,1.0
0.658974358974359,1.0,1.0,1.0,1.0,1.0,1.0
0.6833333333333333,1.0,1.0,1.0,1.0,1.0,1.0
0.7076923076923077,1.0,1.0,1.0,1.0,1.0,1.0
0.7320512820512821,1.0,1.0,1.0,1.0,1.0,1.0
0.7564102564102564,1.0,1.0,1.0,1.0,1.0,1.0
0.7807692307692308,1.0,1.0,1.0,1.0,1.0,1.0
0.8051282051282052,1.0,1.0,1.0,1.0,1.0,1.0
0.8294871794871796,1.0,1.0,1.0,1.0,1.0,1.0
0.8538461538461539,1.0,1.0,1.0,1.0,1.0,1.0
0.8782051282051282,1.0,1.0,1.0,1.0,1.0,1.0
0.9025641025641026,1.0,1.0,1.0,1.0,1.0,1.0
0.9269230769230768,1.0,1.0,1.0,1.0,1.0,1.0
0.9512820512820513,1.0,1.0,1.0,1.0,1.0,1.0
0.9756410256410256,1.0,1.0,1.0,1.0,1.0,1.0
1.0,1.0,1.0,1.0,1.0,1.0,1.0
