,spectral_clustering,spectral_clustering,spectral_clustering,spectral_clustering,normalized_spectral_clustering,normalized_spectral_clustering,normalized_spectral_clustering,normalized_spectral_clustering,louvain,louvain,louvain,louvain,mst_cut_clustering,mst_cut_clustering,mst_cut_clustering,mst_cut_clustering
,RI,ARI,MI,AMI,RI,ARI,MI,AMI,RI,ARI,MI,AMI,RI,ARI,MI,AMI
r_in,,,,,,,,,,,,,,,,
0.8421052631578947,1.0,1.0,0.6931471805599455,1.0,1.0,1.0,0.6931471805599455,1.0,1.0,1.0,0.6931471805599455,1.0,1.0,1.0,0.6931471805599455,1.0
0.8314726209463051,1.0,1.0,0.6931471805599455,1.0,1.0,1.0,0.6931471805599455,1.0,1.0,1.0,0.6931471805599455,1.0,1.0,1.0,0.6931471805599455,1.0
0.8208399787347155,1.0,1.0,0.6931471805599455,1.0,1.0,1.0,0.6931471805599455,1.0,1.0,1.0,0.6931471805599455,1.0,1.0,1.0,0.6931471805599455,1.0
0.810207336523126,1.0,1.0,0.6931471805599455,1.0,1.0,1.0,0.6931471805599455,1.0,1.0,1.0,0.6931471805599455,1.0,1.0,1.0,0.6931471805599455,1.0
0.7995746943115364,1.0,1.0,0.6931471805599455,1.0,1.0,1.0,0.6931471805599455,1.0,1.0,1.0,0.6931471805599455,1.0,1.0,1.0,0.6931471805599455,1.0
0.7889420520999468,1.0,1.0,0.6931471805599455,1.0,1.0,1.0,0.6931471805599455,1.0,1.0,1.0,0.6931471805599455,1.0,1.0,1.0,0.6931471805599455,1.0
0.7783094098883572,1.0,1.0,0.6931471805599455,1.0,1.0,1.0,0.6931471805599455,1.0,1.0,1.0,0.6931471805599455,1.0,1.0,1.0,0.6931471805599455,1.0
0.7676767676767676,1.0,1.0,0.6931471805599455,1.0,1.0,1.0,0.6931471805599455,1.0,1.0,1.0,0.6931471805599455,1.0,1.0,1.0,0.6931471805599455,1.0
0.7570441254651781,1.0,1.0,0.6931471805599455,1.0,1.0,1.0,0.6931471805599455,1.0,1.0,1.0,0.6931471805599455,1.0,1.0,1.0,0.6931471805599455,1.0
0.7464114832535885,1.0,1.0,0.6931471805599455,1.0,1.0,1.0,0.6931471805599455,1.0,1.0,1.0,0.6931471805599455,1.0,1.0,1.0,0.6931471805599455,1.0
0.7357788410419989,1.0,1.0,0.6931471805599455,1.0,1.0,1.0,0.6931471805599455,1.0,1.0,1.0,0.6931471805599455,1.0,1.0,1.0,0.6931471805599455,1.0
0.7251461988304094,1.0,1.0,0.6931471805599455,1.0,1.0,1.0,0.6931471805599455,1.0,1.0,1.0,0.6931471805599455,1.0,1.0,1.0,0.6931471805599455,1.0
0.7145135566188198,1.0,1.0,0.6931471805599455,1.0,1.0,1.0,0.6931471805599455,1.0,1.0,1.0,0.6931471805599455,1.0,1.0,1.0,0.6931471805599455,1.0
0.7038809144072302,1.0,1.0,0.6931471805599455,1.0,1.0,1.0,0.6931471805599455,1.0,1.0,1.0,0.6931471805599455,1.0,1.0,1.0,0.6931471805599455,1.0
0.6932482721956406,1.0,1.0,0.6931471805599455,1.0,1.0,1.0,0.6931471805599455,1.0,1.0,1.0,0.6931471805599455,1.0,1.0,1.0,0.6931471805599455,1.0
0.682615629984051,1.0,1.0,0.6931471805599455,1.0,1.0,1.0,0.6931471805599455,1.0,1.0,1.0,0.6931471805599455,1.0,1.0,1.0,0.6931471805599455,1.0
0.6719829877724615,1.0,1.0,0.6931471805599455,1.0,1.0,1.0,0.6931471805599455,1.0,1.0,1.0,0.6931471805599455,1.0,1.0,1.0,0.6931471805599455,1.0
0.6613503455608719,1.0,1.0,0.6931471805599455,1.0,1.0,1.0,0.6931471805599455,1.0,1.0,1.0,0.6931471805599455,1.0,1.0,1.0,0.6931471805599455,1.0
0.6507177033492823,1.0,1.0,0.6931471805599455,1.0,1.0,1.0,0.6931471805599455,1.0,1.0,1.0,0.6931471805599455,1.0,1.0,1.0,0.6931471805599455,1.0
0.6400850611376927,1.0,1.0,0.6931471805599455,1.0,1.0,1.0,0.6931471805599455,1.0,1.0,1.0,0.6931471805599455,1.0,1.0,1.0,0.6931471805599455,1.0
0.629452418926103,1.0,1.0,0.6931471805599455,1.0,1.0,1.0,0.6931471805599455,1.0,1.0,1.0,0.6931471805599455,1.0,1.0,1.0,0.6931471805599455,1.0
0.6188197767145136,1.0,1.0,0.6931471805599455,1.0,1.0,1.0,0.6931471805599455,1.0,1.0,1.0,0.6931471805599455,1.0,0.9974423076923077,0.995,0.6897696907944686,0.995
0.6081871345029239,1.0,1.0,0.6931471805599455,1.0,1.0,1.0,0.6931471805599455,1.0,1.0,1.0,0.6931471805599455,1.0,0.9948846153846154,0.99,0.6863922010289919,0.99
0.5975544922913344,1.0,1.0,0.6931471805599455,1.0,1.0,1.0,0.6931471805599455,1.0,0.9998782051282052,0.999755944931164,0.6931471805599455,0.9996515424954134,0.992326923076923,0.985,0.6830147112635152,0.985
0.5869218500797448,0.9948846153846154,0.99,0.6863922010289919,0.99,1.0,1.0,0.6931471805599455,1.0,0.9998782051282052,0.999755944931164,0.6931471805599455,0.9996515424954134,0.9895192307692307,0.9794997039668442,0.6791346807828994,0.9792650579213819
0.5762892078681552,0.9997499999999999,0.9994997039668442,0.6926446398448064,0.9992650579213819,1.0,1.0,0.6931471805599455,1.0,0.9997564102564103,0.999511889862328,0.6931471805599455,0.9993030849908269,0.9846538461538461,0.97,0.6728822419670848,0.97
0.5656565656565656,0.9974423076923077,0.995,0.6897696907944686,0.995,1.0,1.0,0.6931471805599455,1.0,0.9997564102564103,0.999511889862328,0.6931471805599455,0.9993030849908269,0.9488461538461539,0.9,0.6255973852504103,0.8999999999999999
0.5550239234449761,0.9969615384615385,0.9940251744887001,0.6888562320101184,0.9937454770603815,1.0,1.0,0.6931471805599455,1.0,0.9995128205128205,0.9990237797246558,0.6931471805599455,0.9986061699816537,0.9281346153846155,0.8594997039668442,0.5980749264114572,0.8592650579213817
0.5443912812333864,0.9864935897435896,0.9735507270333003,0.6750110643956401,0.9732626292679366,1.0,1.0,0.6931471805599455,1.0,0.9991474358974358,0.9982916145181477,0.6931471805599455,0.997560797467894,0.8714038461538461,0.7485506450105561,0.5229483154325462,0.748225896199381
0.533758639021797,0.9687564102564101,0.9388093400768903,0.6517696508185995,0.9392368134630457,0.9997499999999999,0.9994997039668442,0.6926446398448064,0.9992650579213819,0.9982948717948718,0.9965826173694563,0.6931471805599455,0.9951515338132805,0.8284423076923076,0.6645770036318791,0.46662769349564714,0.6649111415742349
0.5231259968102073,0.9474615384615385,0.897179269859183,0.6229599262762927,0.8964102349225808,0.9995,0.9989994079336886,0.6921420991296674,0.9985301158427637,0.9929102564102564,0.9857774255492501,0.6917528745334789,0.9804549788702601,0.7185128205128205,0.4496544779685051,0.32158253703964823,0.45032969833534897
0.5124933545986178,0.9130512820512819,0.8298064556840972,0.577237032260533,0.8291183841002465,0.9997499999999999,0.9994997039668442,0.6926446398448064,0.9992650579213819,0.9865320512820511,0.972968051174809,0.691826292216796,0.96478582529786,0.6463397435897436,0.3085764935883118,0.22589654823315924,0.3084779904855538
0.5018607123870281,0.887801282051282,0.7803235125307311,0.5438526245789951,0.7801884323377294,0.9990000000000001,0.9979988158673772,0.6911370176993893,0.9970602316855275,0.9748333333333332,0.9494195479744526,0.6876869526338635,0.9355881482276781,0.5493461538461538,0.11899940793368857,0.09770390040575844,0.11853011584276299
0.4912280701754385,0.7926089743589744,0.5941067457206017,0.4178648982649299,0.5940803966966699,0.99775,0.9954973357015985,0.6886243141236943,0.9933855212924368,0.9477692307692308,0.8947797613260435,0.6833888425771799,0.8816559649821829,0.5246089743589744,0.07054431094347564,0.06598195860340526,0.07224167305815161
0.480595427963849,0.7255512820512819,0.46288343872584875,0.3307830814715308,0.46609419651277173,0.9950128205128205,0.9900199279146414,0.6832636984197329,0.9855532527138109,0.9039358974358973,0.8060693770471684,0.6775071035946861,0.8016741345880931,0.49623076923076925,0.015128832775057974,0.028239809990663448,0.016076806088088095
0.4699627857522593,0.6390641025641025,0.29346327008125495,0.21490075871140532,0.29520316573696737,0.9855064102564103,0.9709989951782809,0.6659017840591804,0.9602338792784516,0.829551282051282,0.6550508908879147,0.6598538532989009,0.6749224269526698,0.49105769230769225,0.00505153311002319,0.021209962521926636,0.0054307224352346875
0.4593301435406698,0.562198717948718,0.14311222034296286,0.11484066560507507,0.1477844589997178,0.9742371794871795,0.9484484334830822,0.644950390138282,0.9295409058674232,0.7456794871794873,0.4836834722546318,0.6387015074177912,0.5588532902057876,0.48849999999999993,5.15331100231899e-05,0.01783247275644988,0.00043072243523468236
0.4486975013290803,0.5085000000000001,0.03843003992524781,0.04599999846710468,0.04553987977964238,0.9364358974358974,0.8728289568126152,0.5795609876109493,0.8342687829353327,0.6535641025641026,0.29437528711375777,0.582403941457999,0.41466563769458603,0.4885384615384615,0.0001030662200463798,0.01801571804830542,0.0008614448704702786
0.4380648591174906,0.48957051282051284,0.0016861608506566856,0.02115745268519225,0.0076196537499460225,0.8483012820512821,0.6966083686706318,0.4451172937948094,0.6385003584101867,0.5950384615384615,0.1736452831094475,0.4890191520730191,0.28885207537210567,0.4884935897435897,2.70548827621747e-05,0.01774422661912691,0.00022612927849778553
0.4274322169059011,0.4886474358974358,0.00016504522651395365,0.0181315395725494,0.001179762443730548,0.6708525641025641,0.3421075851173495,0.21234928781073895,0.29676480899538743,0.5521474358974358,0.08513574905570509,0.3597540810978898,0.16443589519034782,0.4884935897435897,2.70548827621747e-05,0.017744226619126908,0.00022612927849778572
0.4167995746943115,0.4885192307692307,6.389237275536419e-06,0.01768566027350983,0.00012209837192534532,0.5289935897435898,0.05864550927044637,0.04523993246858135,0.048233376563190385,0.5254358974358974,0.030244306088215885,0.23667573175619572,0.06450783718846162,0.48849999999999993,5.15331100231899e-05,0.01783247275644988,0.0004307224352346825
