,spectral_clustering,spectral_clustering,normalized_spectral_clustering,normalized_spectral_clustering,louvain,louvain
,RI,ARI,RI,ARI,RI,ARI
r_in,,,,,,
0.05,0.4952025252525253,-9.096594599072853e-06,0.5002237373737374,0.0007051832473948424,0.5044161616161617,-8.435880282084159e-05
0.07435897435897436,0.49523181818181816,8.063055141598555e-05,0.681470202020202,0.36301476480866074,0.5290752525252526,0.04984670742629071
0.09871794871794873,0.5158212121212121,0.04078852761273818,0.9248873737373738,0.8497663304409285,0.5889313131313131,0.17123201928271897
0.12307692307692308,0.7437944444444444,0.4922484079462528,0.9858702020202021,0.9717378037407692,0.7449888888888888,0.48707170754567614
0.14743589743589744,0.9209636363636363,0.8433557465524308,0.9980540404040403,0.9961077027929707,0.9331580808080809,0.8659986483121053
0.1717948717948718,0.9857338383838384,0.9717097931830864,0.9991510101010102,0.9983018530618242,0.9884358585858587,0.9768555112697709
0.19615384615384615,0.9972257575757575,0.9944999510206081,0.9999000000000001,0.9997999804082432,0.9980499999999999,0.9960984954149988
0.22051282051282053,0.9999000000000001,0.9997999804082432,0.99995,0.9998999902041217,0.999678282828283,0.9993563712742548
0.2448717948717949,0.99995,0.9998999902041217,0.99995,0.9998999902041217,0.999950505050505,0.9999009801960392
0.2692307692307692,1.0,1.0,1.0,1.0,1.0,1.0
0.2935897435897436,1.0,1.0,1.0,1.0,1.0,1.0
0.31794871794871793,1.0,1.0,1.0,1.0,1.0,1.0
0.3423076923076923,1.0,1.0,1.0,1.0,1.0,1.0
0.3666666666666667,1.0,1.0,1.0,1.0,1.0,1.0
0.391025641025641,1.0,1.0,1.0,1.0,1.0,1.0
0.41538461538461535,1.0,1.0,1.0,1.0,1.0,1.0
0.4397435897435898,1.0,1.0,1.0,1.0,1.0,1.0
0.46410256410256406,1.0,1.0,1.0,1.0,1.0,1.0
0.48846153846153845,1.0,1.0,1.0,1.0,1.0,1.0
0.5128205128205128,1.0,1.0,1.0,1.0,1.0,1.0
0.5371794871794872,1.0,1.0,1.0,1.0,1.0,1.0
0.5615384615384615,1.0,1.0,1.0,1.0,1.0,1.0
0.5858974358974359,1.0,1.0,1.0,1.0,1.0,1.0
0.6102564102564103,1.0,1.0,1.0,1.0,1.0,1.0
0.6346153846153846,1.0,1.0,1.0,1.0,1.0,1.0
0.658974358974359,1.0,1.0,1.0,1.0,1.0,1.0
0.6833333333333333,1.0,1.0,1.0,1.0,1.0,1.0
0.7076923076923077,1.0,1.0,1.0,1.0,1.0,1.0
0.7320512820512821,1.0,1.0,1.0,1.0,1.0,1.0
0.7564102564102564,1.0,1.0,1.0,1.0,1.0,1.0
0.7807692307692308,1.0,1.0,1.0,1.0,1.0,1.0
0.8051282051282052,1.0,1.0,1.0,1.0,1.0,1.0
0.8294871794871796,1.0,1.0,1.0,1.0,1.0,1.0
0.8538461538461539,1.0,1.0,1.0,1.0,1.0,1.0
0.8782051282051282,1.0,1.0,1.0,1.0,1.0,1.0
0.9025641025641026,1.0,1.0,1.0,1.0,1.0,1.0
0.9269230769230768,1.0,1.0,1.0,1.0,1.0,1.0
0.9512820512820513,1.0,1.0,1.0,1.0,1.0,1.0
0.9756410256410256,1.0,1.0,1.0,1.0,1.0,1.0
1.0,1.0,1.0,1.0,1.0,1.0,1.0
