,spectral_clustering,spectral_clustering,normalized_spectral_clustering,normalized_spectral_clustering,louvain,louvain
,RI,ARI,RI,ARI,RI,ARI
r_in,,,,,,
0.05,0.4952752525252525,1.0552637824433404e-05,0.4998378787878788,-5.1442577556872966e-05,0.5043010101010101,-6.627529515939e-05
0.07435897435897436,0.49528636363636364,7.855988290466662e-05,0.5490131313131313,0.09829775862945393,0.5189570707070706,0.029635654342626036
0.09871794871794873,0.49555202020202016,0.0006570045364691824,0.761129292929293,0.522295891723577,0.5541459595959596,0.10093799569280795
0.12307692307692308,0.508500505050505,0.026304267150245107,0.8919378787878789,0.7838688361945604,0.615119191919192,0.2245419897281766
0.14743589743589744,0.6191030303030304,0.24519335774450485,0.9557858585858585,0.9115653730831261,0.7421015151515152,0.4812948378987157
0.1717948717948718,0.7607666666666667,0.5258110071897244,0.9811914141414141,0.9623793869611564,0.8779843434343434,0.7551333582726224
0.19615384615384615,0.888059090909091,0.7780743263498613,0.9928525252525253,0.9857038042194074,0.9542964646464647,0.9084265099985376
0.22051282051282053,0.9609313131313132,0.9224877683362679,0.9967580808080808,0.9935155393975609,0.983719191919192,0.9674111684677107
0.2448717948717949,0.9888782828282828,0.9779258576333381,0.9987020202020201,0.9974037877232759,0.9952025252525253,0.9904004551381927
0.2692307692307692,0.9875929292929294,0.975403839935268,0.9997500000000001,0.9994999510206081,0.9984404040404041,0.9968796140432363
0.2935897435897436,0.9945515151515153,0.989199921632973,0.9997,0.9993999412247296,0.9992333333333334,0.998466127605567
0.31794871794871793,0.9999000000000001,0.9997999804082432,0.99995,0.9998999902041217,0.9999010101010102,0.9998019603920784
0.3423076923076923,1.0,1.0,1.0,1.0,0.9999752525252525,0.9999504900980196
0.3666666666666667,1.0,1.0,1.0,1.0,1.0,1.0
0.391025641025641,1.0,1.0,1.0,1.0,1.0,1.0
0.41538461538461535,1.0,1.0,1.0,1.0,1.0,1.0
0.4397435897435898,1.0,1.0,1.0,1.0,1.0,1.0
0.46410256410256406,1.0,1.0,1.0,1.0,1.0,1.0
0.48846153846153845,1.0,1.0,1.0,1.0,1.0,1.0
0.5128205128205128,1.0,1.0,1.0,1.0,1.0,1.0
0.5371794871794872,1.0,1.0,1.0,1.0,1.0,1.0
0.5615384615384615,1.0,1.0,1.0,1.0,1.0,1.0
0.5858974358974359,1.0,1.0,1.0,1.0,1.0,1.0
0.6102564102564103,1.0,1.0,1.0,1.0,1.0,1.0
0.6346153846153846,1.0,1.0,1.0,1.0,1.0,1.0
0.658974358974359,1.0,1.0,1.0,1.0,1.0,1.0
0.6833333333333333,1.0,1.0,1.0,1.0,1.0,1.0
0.7076923076923077,1.0,1.0,1.0,1.0,1.0,1.0
0.7320512820512821,1.0,1.0,1.0,1.0,1.0,1.0
0.7564102564102564,1.0,1.0,1.0,1.0,1.0,1.0
0.7807692307692308,1.0,1.0,1.0,1.0,1.0,1.0
0.8051282051282052,1.0,1.0,1.0,1.0,1.0,1.0
0.8294871794871796,1.0,1.0,1.0,1.0,1.0,1.0
0.8538461538461539,1.0,1.0,1.0,1.0,1.0,1.0
0.8782051282051282,1.0,1.0,1.0,1.0,1.0,1.0
0.9025641025641026,1.0,1.0,1.0,1.0,1.0,1.0
0.9269230769230768,1.0,1.0,1.0,1.0,1.0,1.0
0.9512820512820513,1.0,1.0,1.0,1.0,1.0,1.0
0.9756410256410256,1.0,1.0,1.0,1.0,1.0,1.0
1.0,1.0,1.0,1.0,1.0,1.0,1.0
