,spectral_clustering,spectral_clustering,spectral_clustering,spectral_clustering,normalized_spectral_clustering,normalized_spectral_clustering,normalized_spectral_clustering,normalized_spectral_clustering,louvain,louvain,louvain,louvain,mst_cut_clustering,mst_cut_clustering,mst_cut_clustering,mst_cut_clustering
,RI,ARI,MI,AMI,RI,ARI,MI,AMI,RI,ARI,MI,AMI,RI,ARI,MI,AMI
r_in,,,,,,,,,,,,,,,,
0.8421052631578947,1.0,1.0,0.6931471805599455,1.0,1.0,1.0,0.6931471805599455,1.0,1.0,1.0,0.6931471805599455,1.0,1.0,1.0,0.6931471805599455,1.0
0.8314726209463051,1.0,1.0,0.6931471805599455,1.0,1.0,1.0,0.6931471805599455,1.0,1.0,1.0,0.6931471805599455,1.0,1.0,1.0,0.6931471805599455,1.0
0.8208399787347155,1.0,1.0,0.6931471805599455,1.0,1.0,1.0,0.6931471805599455,1.0,1.0,1.0,0.6931471805599455,1.0,1.0,1.0,0.6931471805599455,1.0
0.810207336523126,1.0,1.0,0.6931471805599455,1.0,1.0,1.0,0.6931471805599455,1.0,1.0,1.0,0.6931471805599455,1.0,1.0,1.0,0.6931471805599455,1.0
0.7995746943115364,1.0,1.0,0.6931471805599455,1.0,1.0,1.0,0.6931471805599455,1.0,1.0,1.0,0.6931471805599455,1.0,1.0,1.0,0.6931471805599455,1.0
0.7889420520999468,1.0,1.0,0.6931471805599455,1.0,1.0,1.0,0.6931471805599455,1.0,1.0,1.0,0.6931471805599455,1.0,1.0,1.0,0.6931471805599455,1.0
0.7783094098883572,1.0,1.0,0.6931471805599455,1.0,1.0,1.0,0.6931471805599455,1.0,1.0,1.0,0.6931471805599455,1.0,1.0,1.0,0.6931471805599455,1.0
0.7676767676767676,1.0,1.0,0.6931471805599455,1.0,1.0,1.0,0.6931471805599455,1.0,1.0,1.0,0.6931471805599455,1.0,1.0,1.0,0.6931471805599455,1.0
0.7570441254651781,1.0,1.0,0.6931471805599455,1.0,1.0,1.0,0.6931471805599455,1.0,1.0,1.0,0.6931471805599455,1.0,1.0,1.0,0.6931471805599455,1.0
0.7464114832535885,1.0,1.0,0.6931471805599455,1.0,1.0,1.0,0.6931471805599455,1.0,1.0,1.0,0.6931471805599455,1.0,1.0,1.0,0.6931471805599455,1.0
0.7357788410419989,0.9974423076923077,0.995,0.6897696907944686,0.995,1.0,1.0,0.6931471805599455,1.0,1.0,1.0,0.6931471805599455,1.0,0.9974423076923077,0.995,0.6897696907944686,0.995
0.7251461988304094,1.0,1.0,0.6931471805599455,1.0,1.0,1.0,0.6931471805599455,1.0,1.0,1.0,0.6931471805599455,1.0,1.0,1.0,0.6931471805599455,1.0
0.7145135566188198,1.0,1.0,0.6931471805599455,1.0,1.0,1.0,0.6931471805599455,1.0,1.0,1.0,0.6931471805599455,1.0,1.0,1.0,0.6931471805599455,1.0
0.7038809144072302,1.0,1.0,0.6931471805599455,1.0,1.0,1.0,0.6931471805599455,1.0,1.0,1.0,0.6931471805599455,1.0,0.9948846153846154,0.99,0.6863922010289919,0.99
0.6932482721956406,0.9974423076923077,0.995,0.6897696907944686,0.995,1.0,1.0,0.6931471805599455,1.0,1.0,1.0,0.6931471805599455,1.0,0.9974423076923077,0.995,0.6897696907944686,0.995
0.682615629984051,0.9995,0.9989994079336886,0.6921420991296674,0.9985301158427637,1.0,1.0,0.6931471805599455,1.0,0.9998782051282052,0.999755944931164,0.6931471805599455,0.9996515424954134,0.9846538461538461,0.97,0.6728822419670848,0.97
0.6719829877724615,0.9995128205128205,0.9990252565114442,0.6923094312922351,0.9987822101289369,1.0,1.0,0.6931471805599455,1.0,0.9998782051282052,0.999755944931164,0.6931471805599455,0.9996515424954134,0.9974423076923077,0.995,0.6897696907944686,0.995
0.6613503455608719,0.9974935897435898,0.995077474336626,0.6899565942539704,0.9954185567611142,1.0,1.0,0.6931471805599455,1.0,1.0,1.0,0.6931471805599455,1.0,0.9718653846153846,0.945,0.6559947931397011,0.945
0.6507177033492823,0.9946346153846153,0.9894997039668442,0.685889660313853,0.9892650579213819,1.0,1.0,0.6931471805599455,1.0,1.0,1.0,0.6931471805599455,1.0,0.9769999999999999,0.9550257665550116,0.6628413953165824,0.9552153612176179
0.6400850611376927,0.9970384615384615,0.9941546874367941,0.6890507720349794,0.9941346420194356,1.0,1.0,0.6931471805599455,1.0,0.9998782051282052,0.999755944931164,0.6931471805599455,0.9996515424954134,0.974173076923077,0.9494997039668442,0.6588697421900389,0.9492650579213818
0.629452418926103,0.9913141025641025,0.9828592265441644,0.6803647550333689,0.9812637898337906,0.9997499999999999,0.9994997039668442,0.6926446398448064,0.9992650579213819,0.9995064102564103,0.9990103400370955,0.6929738937648053,0.9985201337909075,0.9258269230769232,0.855,0.5951999773611195,0.855
0.6188197767145136,0.9832628205128205,0.9671791823010139,0.6705399103484365,0.9668204685087614,0.9997499999999999,0.9994997039668442,0.6926446398448064,0.9992650579213819,0.9991538461538461,0.9983038953344453,0.6931471805599455,0.9975945706212876,0.9130384615384615,0.83,0.5783125285337357,0.8299999999999998
0.6081871345029239,0.9849102564102564,0.970360288766667,0.6726254706836606,0.9699883808779965,0.9997499999999999,0.9994997039668442,0.6926446398448064,0.9992650579213819,0.9993910256410257,0.9987797246558198,0.6931471805599455,0.9982577124770671,0.8719423076923077,0.7496027701868906,0.5241366421546797,0.7501265027918529
0.5975544922913344,0.9754807692307693,0.9519982238010657,0.6597345283798205,0.9505903475282912,1.0,1.0,0.6931471805599455,1.0,0.9969871794871794,0.9939559378500982,0.6928006069696654,0.9917546415408538,0.8255961538461538,0.6590251744887001,0.4625644177231758,0.6587454770603813
0.5869218500797448,0.9690192307692307,0.9391384217452267,0.6507899859449273,0.937986717818798,0.9995,0.9989994079336886,0.6921420991296674,0.9985301158427637,0.9973141025641026,0.9946155782599447,0.6928006069696654,0.9922255745484889,0.8159423076923076,0.6401288327750579,0.4504260306752579,0.6410768060880886
0.5762892078681552,0.9394743589743589,0.8813463969726602,0.6114101482964542,0.8796530889778463,0.9985128205128205,0.9970240723788215,0.690299268431679,0.9958424418144645,0.9951346153846155,0.9902253300845741,0.692692726192496,0.9873345956252321,0.7432499999999999,0.49802458242238873,0.3534796637976416,0.4972755929031449
0.5656565656565656,0.9415448717948718,0.8853129403900689,0.6140058645327844,0.883668348678944,0.9982499999999999,0.99649792776791,0.6896293955539723,0.9948554054496732,0.9921923076923076,0.9843364837190306,0.6914316322788264,0.9786332145440381,0.6855,0.38512883277505794,0.2781740526359433,0.3860768060880885
0.5550239234449761,0.9006089743589744,0.8051791434227422,0.5601078688611841,0.8046763755550284,0.9969999999999999,0.9939964476021313,0.6871166919782773,0.9911806950565827,0.9852307692307692,0.9703192804312394,0.688643005922873,0.9617937212332853,0.6405128205128204,0.29712723124771495,0.21765351785372278,0.29643962672464047
0.5443912812333864,0.9021153846153845,0.8080430033937545,0.5610851468980278,0.8060942134159671,0.9948141025641024,0.989623026192509,0.6834304863548643,0.9858266877798855,0.9826538461538462,0.965134153872067,0.6901149524804044,0.9556454036977924,0.6195512820512821,0.25615273103084385,0.1900033335694529,0.2553994830942012
0.533758639021797,0.8570064102564102,0.7198067841738285,0.5012338084557564,0.7178256985174529,0.9957499999999999,0.991494967436353,0.6846039884025822,0.987505984663492,0.9776089743589742,0.955011930263963,0.688919518003291,0.9432762910347519,0.5626538461538462,0.1450257665550116,0.11568805330934799,0.14521536121761705
0.5231259968102073,0.8248910256410256,0.6568416202376686,0.4591871806599439,0.656099782937227,0.993551282051282,0.9870951844260858,0.6804407967185636,0.9814167909825224,0.9656410256410254,0.9308956498107943,0.6823904857247818,0.9155020773839112,0.547397435897436,0.11515477400166077,0.09579326346784464,0.11606464041396677
0.5124933545986178,0.748576923076923,0.5073548767954281,0.3567250056135273,0.5050818777130042,0.9819871794871794,0.9639616623715704,0.6601510939353494,0.9519112322169698,0.9339935897435897,0.8669935500486707,0.6667330172823606,0.8462566585028116,0.5060576923076923,0.03425707348380452,0.041202800851931294,0.03568372801894087
0.5018607123870281,0.6814423076923077,0.3760211820776125,0.2690454562207744,0.37573136906909577,0.976051282051282,0.9520809284254199,0.6482219136380768,0.9344100655931287,0.8992179487179487,0.7965304349114553,0.6558298136690113,0.7803955429690669,0.5039807692307692,0.030258345723151968,0.03856681931195474,0.03146597104714203
0.4912280701754385,0.6271730769230769,0.2697716581522582,0.1988926578451482,0.27254478969023105,0.9597051282051282,0.919378583586026,0.6208762638339994,0.8946171681282736,0.8491794871794872,0.6950433292172488,0.6246683791867567,0.6898588577817398,0.4910961538461538,0.005103066220046379,0.021393207813782174,0.005861444870470283
0.480595427963849,0.5744807692307693,0.16687358959922835,0.13235093537758016,0.17487644066435848,0.9408397435897435,0.8816405185766092,0.5881155270676159,0.8467213134437946,0.8058525641025642,0.606826082137295,0.6033106338576938,0.6149832405466433,0.48855769230769225,0.00012883277505797475,0.018107340694233188,0.0010768060880880766
0.4699627857522593,0.5379935897435898,0.0956814452267413,0.08293932508766201,0.10018745133912293,0.9117948717948718,0.823573497994484,0.5422043135613848,0.77998130206615,0.7458846153846153,0.4844798106244363,0.5623288578364702,0.5162773347243397,0.4885384615384615,0.0001030662200463798,0.01801571804830542,0.0008614448704702783
0.4593301435406698,0.4990833333333333,0.019858571805404755,0.03459505347427967,0.029226152389476786,0.8598910256410255,0.7199262674995569,0.4676198200654387,0.6713321110840428,0.678474358974359,0.34652394167478767,0.5035594386366488,0.40421060802654263,0.48853205128205124,7.85879927853646e-05,0.017927471910982446,0.0006568517137333815
0.4486975013290803,0.5015448717948717,0.024815675780190533,0.03602184228117955,0.030146702991569282,0.7848782051282052,0.5699098962763408,0.3600340160250063,0.5141408714913951,0.6279935897435897,0.24285479282663594,0.4293314931906042,0.3084651257520493,0.4885384615384615,0.0001030662200463798,0.01801571804830542,0.0008614448704702785
0.4380648591174906,0.4888269230769231,0.00044494468724627396,0.018979351819436944,0.0031006583962102665,0.7137243589743589,0.4277163590994057,0.2652661601647255,0.3744677079019209,0.5823589743589743,0.14884285699071975,0.35042175573651463,0.21276894607847233,0.4884679487179487,-2.318989951043545e-05,0.017564357835876166,-0.00019382509585690928
0.4274322169059011,0.48917307692307693,0.0010496819308368575,0.019323355812255544,0.0035070557709598565,0.5966410256410256,0.19388542570212494,0.12158040392606971,0.16197485624902794,0.5477371794871795,0.07775069013276768,0.24688718542622579,0.11766059991822836,0.488551282051282,0.00010435454779695955,0.018019094556910215,0.0008722129313511798
0.4167995746943115,0.48853205128205124,3.091986601391395e-05,0.0177543561449413,0.00025843346114048905,0.5175192307692308,0.03595633180158367,0.032500706081822955,0.02918429721978791,0.5210320512820512,0.023048777179517074,0.1561607045447216,0.04023045406663577,0.4884935897435898,-2.061324400927595e-05,0.017571110853085763,-0.0001722889740951068
