,spectral_clustering,spectral_clustering,normalized_spectral_clustering,normalized_spectral_clustering,louvain,louvain
,RI,ARI,RI,ARI,RI,ARI
r_in,,,,,,
0.05,0.49516363636363636,-1.702339678815375e-05,0.4995040404040404,-0.0008313541206000013,0.5044792929292929,-0.00024330929995774024
0.07435897435897436,0.4997853535353536,0.009061711997327014,0.9213176767676768,0.8426261579425316,0.5452959595959596,0.08242400560013728
0.09871794871794873,0.8336373737373739,0.670360971490542,0.9975530303030304,0.9951055852424301,0.6672378787878788,0.32986020952437217
0.12307692307692308,0.9873287878787879,0.9748999902041217,1.0,1.0,0.9647126262626263,0.9293315026120516
0.14743589743589744,1.0,1.0,1.0,1.0,0.9983707070707071,0.9967402958218843
0.1717948717948718,1.0,1.0,1.0,1.0,0.9999752525252525,0.9999504900980196
0.19615384615384615,1.0,1.0,1.0,1.0,1.0,1.0
0.22051282051282053,1.0,1.0,1.0,1.0,1.0,1.0
0.2448717948717949,1.0,1.0,1.0,1.0,1.0,1.0
0.2692307692307692,1.0,1.0,1.0,1.0,1.0,1.0
0.2935897435897436,1.0,1.0,1.0,1.0,1.0,1.0
0.31794871794871793,1.0,1.0,1.0,1.0,1.0,1.0
0.3423076923076923,1.0,1.0,1.0,1.0,1.0,1.0
0.3666666666666667,1.0,1.0,1.0,1.0,1.0,1.0
0.391025641025641,1.0,1.0,1.0,1.0,1.0,1.0
0.41538461538461535,1.0,1.0,1.0,1.0,1.0,1.0
0.4397435897435898,1.0,1.0,1.0,1.0,1.0,1.0
0.46410256410256406,1.0,1.0,1.0,1.0,1.0,1.0
0.48846153846153845,1.0,1.0,1.0,1.0,1.0,1.0
0.5128205128205128,1.0,1.0,1.0,1.0,1.0,1.0
0.5371794871794872,1.0,1.0,1.0,1.0,1.0,1.0
0.5615384615384615,1.0,1.0,1.0,1.0,1.0,1.0
0.5858974358974359,1.0,1.0,1.0,1.0,1.0,1.0
0.6102564102564103,1.0,1.0,1.0,1.0,1.0,1.0
0.6346153846153846,1.0,1.0,1.0,1.0,1.0,1.0
0.658974358974359,1.0,1.0,1.0,1.0,1.0,1.0
0.6833333333333333,1.0,1.0,1.0,1.0,1.0,1.0
0.7076923076923077,1.0,1.0,1.0,1.0,1.0,1.0
0.7320512820512821,1.0,1.0,1.0,1.0,1.0,1.0
0.7564102564102564,1.0,1.0,1.0,1.0,1.0,1.0
0.7807692307692308,1.0,1.0,1.0,1.0,1.0,1.0
0.8051282051282052,1.0,1.0,1.0,1.0,1.0,1.0
0.8294871794871796,1.0,1.0,1.0,1.0,1.0,1.0
0.8538461538461539,1.0,1.0,1.0,1.0,1.0,1.0
0.8782051282051282,1.0,1.0,1.0,1.0,1.0,1.0
0.9025641025641026,1.0,1.0,1.0,1.0,1.0,1.0
0.9269230769230768,1.0,1.0,1.0,1.0,1.0,1.0
0.9512820512820513,1.0,1.0,1.0,1.0,1.0,1.0
0.9756410256410256,1.0,1.0,1.0,1.0,1.0,1.0
1.0,1.0,1.0,1.0,1.0,1.0,1.0
