,spectral_clustering,spectral_clustering,spectral_clustering,spectral_clustering,normalized_spectral_clustering,normalized_spectral_clustering,normalized_spectral_clustering,normalized_spectral_clustering,louvain,louvain,louvain,louvain,mst_cut_clustering,mst_cut_clustering,mst_cut_clustering,mst_cut_clustering
,RI,ARI,MI,AMI,RI,ARI,MI,AMI,RI,ARI,MI,AMI,RI,ARI,MI,AMI
r_in,,,,,,,,,,,,,,,,
0.8,1.0,1.0,0.6931471805599455,1.0,1.0,1.0,0.6931471805599455,1.0,1.0,1.0,0.6931471805599455,1.0,1.0,1.0,0.6931471805599455,1.0
0.8,1.0,1.0,0.6931471805599455,1.0,1.0,1.0,0.6931471805599455,1.0,1.0,1.0,0.6931471805599455,1.0,1.0,1.0,0.6931471805599455,1.0
0.8,1.0,1.0,0.6931471805599455,1.0,1.0,1.0,0.6931471805599455,1.0,1.0,1.0,0.6931471805599455,1.0,1.0,1.0,0.6931471805599455,1.0
0.8,1.0,1.0,0.6931471805599455,1.0,1.0,1.0,0.6931471805599455,1.0,1.0,1.0,0.6931471805599455,1.0,1.0,1.0,0.6931471805599455,1.0
0.8,1.0,1.0,0.6931471805599455,1.0,1.0,1.0,0.6931471805599455,1.0,1.0,1.0,0.6931471805599455,1.0,1.0,1.0,0.6931471805599455,1.0
0.8,1.0,1.0,0.6931471805599455,1.0,1.0,1.0,0.6931471805599455,1.0,1.0,1.0,0.6931471805599455,1.0,1.0,1.0,0.6931471805599455,1.0
0.8,1.0,1.0,0.6931471805599455,1.0,1.0,1.0,0.6931471805599455,1.0,1.0,1.0,0.6931471805599455,1.0,1.0,1.0,0.6931471805599455,1.0
0.8,1.0,1.0,0.6931471805599455,1.0,1.0,1.0,0.6931471805599455,1.0,1.0,1.0,0.6931471805599455,1.0,1.0,1.0,0.6931471805599455,1.0
0.8,1.0,1.0,0.6931471805599455,1.0,1.0,1.0,0.6931471805599455,1.0,1.0,1.0,0.6931471805599455,1.0,1.0,1.0,0.6931471805599455,1.0
0.8,1.0,1.0,0.6931471805599455,1.0,1.0,1.0,0.6931471805599455,1.0,1.0,1.0,0.6931471805599455,1.0,1.0,1.0,0.6931471805599455,1.0
0.8,1.0,1.0,0.6931471805599455,1.0,1.0,1.0,0.6931471805599455,1.0,1.0,1.0,0.6931471805599455,1.0,1.0,1.0,0.6931471805599455,1.0
0.8,1.0,1.0,0.6931471805599455,1.0,1.0,1.0,0.6931471805599455,1.0,1.0,1.0,0.6931471805599455,1.0,1.0,1.0,0.6931471805599455,1.0
0.8,1.0,1.0,0.6931471805599455,1.0,1.0,1.0,0.6931471805599455,1.0,1.0,1.0,0.6931471805599455,1.0,1.0,1.0,0.6931471805599455,1.0
0.8,1.0,1.0,0.6931471805599455,1.0,1.0,1.0,0.6931471805599455,1.0,1.0,1.0,0.6931471805599455,1.0,1.0,1.0,0.6931471805599455,1.0
0.8,1.0,1.0,0.6931471805599455,1.0,1.0,1.0,0.6931471805599455,1.0,1.0,1.0,0.6931471805599455,1.0,1.0,1.0,0.6931471805599455,1.0
0.8,1.0,1.0,0.6931471805599455,1.0,1.0,1.0,0.6931471805599455,1.0,1.0,1.0,0.6931471805599455,1.0,1.0,1.0,0.6931471805599455,1.0
0.8,1.0,1.0,0.6931471805599455,1.0,1.0,1.0,0.6931471805599455,1.0,1.0,1.0,0.6931471805599455,1.0,1.0,1.0,0.6931471805599455,1.0
0.8,1.0,1.0,0.6931471805599455,1.0,1.0,1.0,0.6931471805599455,1.0,1.0,1.0,0.6931471805599455,1.0,1.0,1.0,0.6931471805599455,1.0
0.8,1.0,1.0,0.6931471805599455,1.0,1.0,1.0,0.6931471805599455,1.0,1.0,1.0,0.6931471805599455,1.0,1.0,1.0,0.6931471805599455,1.0
0.8,1.0,1.0,0.6931471805599455,1.0,1.0,1.0,0.6931471805599455,1.0,1.0,1.0,0.6931471805599455,1.0,1.0,1.0,0.6931471805599455,1.0
0.8,1.0,1.0,0.6931471805599455,1.0,1.0,1.0,0.6931471805599455,1.0,1.0,1.0,0.6931471805599455,1.0,1.0,1.0,0.6931471805599455,1.0
0.8,1.0,1.0,0.6931471805599455,1.0,1.0,1.0,0.6931471805599455,1.0,1.0,1.0,0.6931471805599455,1.0,1.0,1.0,0.6931471805599455,1.0
0.8,1.0,1.0,0.6931471805599455,1.0,1.0,1.0,0.6931471805599455,1.0,1.0,1.0,0.6931471805599455,1.0,1.0,1.0,0.6931471805599455,1.0
0.8,1.0,1.0,0.6931471805599455,1.0,1.0,1.0,0.6931471805599455,1.0,1.0,1.0,0.6931471805599455,1.0,1.0,1.0,0.6931471805599455,1.0
0.8,1.0,1.0,0.6931471805599455,1.0,1.0,1.0,0.6931471805599455,1.0,1.0,1.0,0.6931471805599455,1.0,0.9987211538461538,0.9975,0.691458435677207,0.9975
0.8,1.0,1.0,0.6931471805599455,1.0,1.0,1.0,0.6931471805599455,1.0,1.0,1.0,0.6931471805599455,1.0,1.0,1.0,0.6931471805599455,1.0
0.8,1.0,1.0,0.6931471805599455,1.0,1.0,1.0,0.6931471805599455,1.0,1.0,1.0,0.6931471805599455,1.0,1.0,1.0,0.6931471805599455,1.0
0.8,1.0,1.0,0.6931471805599455,1.0,1.0,1.0,0.6931471805599455,1.0,1.0,1.0,0.6931471805599455,1.0,0.9974423076923077,0.995,0.6897696907944686,0.995
0.8,1.0,1.0,0.6931471805599455,1.0,1.0,1.0,0.6931471805599455,1.0,1.0,1.0,0.6931471805599455,1.0,1.0,1.0,0.6931471805599455,1.0
0.8,1.0,1.0,0.6931471805599455,1.0,1.0,1.0,0.6931471805599455,1.0,0.9999391025641026,0.999877972465582,0.6931471805599455,0.9998257712477067,0.9961634615384615,0.9925,0.6880809459117302,0.9925
0.8,0.9974423076923077,0.995,0.6897696907944686,0.995,1.0,1.0,0.6931471805599455,1.0,0.9996955128205128,0.9993898623279099,0.6931471805599455,0.9991288562385335,0.9884903846153845,0.9775,0.6779484766152999,0.9775
0.8,0.9872371794871795,0.9750387371683129,0.6763531834623124,0.9752092783805572,1.0,1.0,0.6931471805599455,1.0,0.9990320512820512,0.9980601452488257,0.6931471805599455,0.9972876628070297,0.9590769230769232,0.92,0.6391073443123173,0.92
0.8,0.9833942307692307,0.9675257665550115,0.6712851197302743,0.9677153612176178,1.0,1.0,0.6931471805599455,1.0,0.9956794871794873,0.9913286068743453,0.6930605371623755,0.9887501078582781,0.9245576923076922,0.8525128832775059,0.593557043801345,0.8526076806088088
0.8,0.9806089743589743,0.9620642487015411,0.6675363957377293,0.9622080640538345,1.0,1.0,0.6931471805599455,1.0,0.9846923076923076,0.9692443581020928,0.6928006069696654,0.9613276238657444,0.8363173076923077,0.6800128832775059,0.4770336468923969,0.6801076806088084
0.8,0.9344583333333333,0.8718269429510969,0.6064982661662222,0.8719299070890565,0.999875,0.9997498519834221,0.692895910202376,0.9996325289606909,0.9506794871794872,0.9005477547516472,0.6926485575541248,0.8921214904077612,0.7145961538461539,0.4420383537993617,0.3161919649630398,0.44208809974780805
0.8,0.834698717948718,0.6765901349869656,0.4754222789648717,0.6790821279590772,0.9997499999999999,0.9994997039668442,0.6926446398448064,0.9992650579213819,0.8661794871794871,0.7291097841848432,0.6893032871244636,0.7436038717883916,0.6008846153846154,0.21976273526092793,0.1660533181109659,0.21974020956949913
0.8,0.7175448717948718,0.4473087050501465,0.3207346053736954,0.4511505752991139,0.9968878205128207,0.9937721481633094,0.6870327537832753,0.9910653183034467,0.7211121794871795,0.4326548967356101,0.6823133681053516,0.5329999498967334,0.5038461538461538,0.03005153311002319,0.03809741134931041,0.030430722435234713
0.8,0.5463621794871795,0.11244583559949085,0.09591526310985725,0.11939474066649254,0.9819134615384616,0.9638078205177152,0.6584329149785443,0.9492664514099367,0.6008108974358973,0.18434155984998757,0.6590989300236422,0.35283217650062804,0.48849999999999993,5.15331100231899e-05,0.01783247275644988,0.0004307224352346825
0.8,0.4902307692307692,0.00324995359146637,0.021073444107582676,0.0063485606966214745,0.8670897435897436,0.7341872128226838,0.4740396308077368,0.6803959825894501,0.5468301282051281,0.07206973398423924,0.5651131168445664,0.1997874608768781,0.4885288461538461,9.018294254058232e-05,0.017969906725341534,0.0007537642616613793
0.8,0.48848717948717946,-8.930958458454331e-06,0.017569563428304024,-0.00018913987203671666,0.49965384615384617,-1.1016976427212083e-05,0.013075534149387074,7.092193899570665e-05,0.5119839743589744,2.7976352471579604e-05,0.3384565242078336,0.0007225861175684614,0.48846474358974357,-1.1594949755217725e-05,0.017606792650235258,-9.691254792891135e-05
