,spectral_clustering,spectral_clustering,normalized_spectral_clustering,normalized_spectral_clustering,louvain,louvain
,RI,ARI,RI,ARI,RI,ARI
r_in,,,,,,
0.05,0.48920512820512824,-2.1401869515906522e-05,0.4975576923076923,-0.0041939171682336615,0.5119807692307693,-5.962259994526537e-05
0.07435897435897436,0.5102467948717948,0.041038827323940506,0.7840192307692306,0.5681833021316431,0.5339134615384615,0.04515011908032665
0.09871794871794873,0.8104647435897435,0.6281437772119651,0.9834807692307692,0.9669447706804329,0.5561698717948717,0.09131691384279263
0.12307692307692308,0.981125,0.9629973357015984,0.9988750000000001,0.9977486678507992,0.5894358974358973,0.16067255760408927
0.14743589743589744,1.0,1.0,1.0,1.0,0.659201923076923,0.3056103481461567
0.1717948717948718,1.0,1.0,1.0,1.0,0.8636217948717948,0.7242534658276483
0.19615384615384615,1.0,1.0,1.0,1.0,0.9854102564102564,0.9707012768728283
0.22051282051282053,1.0,1.0,1.0,1.0,0.9990320512820513,0.9980595647993468
0.2448717948717949,1.0,1.0,1.0,1.0,1.0,1.0
0.2692307692307692,1.0,1.0,1.0,1.0,1.0,1.0
0.2935897435897436,1.0,1.0,1.0,1.0,1.0,1.0
0.31794871794871793,1.0,1.0,1.0,1.0,1.0,1.0
0.3423076923076923,1.0,1.0,1.0,1.0,1.0,1.0
0.3666666666666667,1.0,1.0,1.0,1.0,1.0,1.0
0.391025641025641,1.0,1.0,1.0,1.0,1.0,1.0
0.41538461538461535,1.0,1.0,1.0,1.0,1.0,1.0
0.4397435897435898,1.0,1.0,1.0,1.0,1.0,1.0
0.46410256410256406,1.0,1.0,1.0,1.0,1.0,1.0
0.48846153846153845,1.0,1.0,1.0,1.0,1.0,1.0
0.5128205128205128,1.0,1.0,1.0,1.0,1.0,1.0
0.5371794871794872,1.0,1.0,1.0,1.0,1.0,1.0
0.5615384615384615,1.0,1.0,1.0,1.0,1.0,1.0
0.5858974358974359,1.0,1.0,1.0,1.0,1.0,1.0
0.6102564102564103,1.0,1.0,1.0,1.0,1.0,1.0
0.6346153846153846,1.0,1.0,1.0,1.0,1.0,1.0
0.658974358974359,1.0,1.0,1.0,1.0,1.0,1.0
0.6833333333333333,1.0,1.0,1.0,1.0,1.0,1.0
0.7076923076923077,1.0,1.0,1.0,1.0,1.0,1.0
0.7320512820512821,1.0,1.0,1.0,1.0,1.0,1.0
0.7564102564102564,1.0,1.0,1.0,1.0,1.0,1.0
0.7807692307692308,1.0,1.0,1.0,1.0,1.0,1.0
0.8051282051282052,1.0,1.0,1.0,1.0,1.0,1.0
0.8294871794871796,1.0,1.0,1.0,1.0,1.0,1.0
0.8538461538461539,1.0,1.0,1.0,1.0,1.0,1.0
0.8782051282051282,1.0,1.0,1.0,1.0,1.0,1.0
0.9025641025641026,1.0,1.0,1.0,1.0,1.0,1.0
0.9269230769230768,1.0,1.0,1.0,1.0,1.0,1.0
0.9512820512820513,1.0,1.0,1.0,1.0,1.0,1.0
0.9756410256410256,1.0,1.0,1.0,1.0,1.0,1.0
1.0,1.0,1.0,1.0,1.0,1.0,1.0
