,spectral_clustering,spectral_clustering,spectral_clustering,spectral_clustering,normalized_spectral_clustering,normalized_spectral_clustering,normalized_spectral_clustering,normalized_spectral_clustering,louvain,louvain,louvain,louvain,mst_cut_clustering,mst_cut_clustering,mst_cut_clustering,mst_cut_clustering
,RI,ARI,MI,AMI,RI,ARI,MI,AMI,RI,ARI,MI,AMI,RI,ARI,MI,AMI
r_in,,,,,,,,,,,,,,,,
0.8421052631578947,1.0,1.0,0.6931471805599455,1.0,1.0,1.0,0.6931471805599455,1.0,1.0,1.0,0.6931471805599455,1.0,1.0,1.0,0.6931471805599455,1.0
0.8314726209463051,1.0,1.0,0.6931471805599455,1.0,1.0,1.0,0.6931471805599455,1.0,1.0,1.0,0.6931471805599455,1.0,1.0,1.0,0.6931471805599455,1.0
0.8208399787347155,1.0,1.0,0.6931471805599455,1.0,1.0,1.0,0.6931471805599455,1.0,1.0,1.0,0.6931471805599455,1.0,1.0,1.0,0.6931471805599455,1.0
0.810207336523126,1.0,1.0,0.6931471805599455,1.0,1.0,1.0,0.6931471805599455,1.0,1.0,1.0,0.6931471805599455,1.0,1.0,1.0,0.6931471805599455,1.0
0.7995746943115364,1.0,1.0,0.6931471805599455,1.0,1.0,1.0,0.6931471805599455,1.0,1.0,1.0,0.6931471805599455,1.0,1.0,1.0,0.6931471805599455,1.0
0.7889420520999468,1.0,1.0,0.6931471805599455,1.0,1.0,1.0,0.6931471805599455,1.0,1.0,1.0,0.6931471805599455,1.0,1.0,1.0,0.6931471805599455,1.0
0.7783094098883572,1.0,1.0,0.6931471805599455,1.0,1.0,1.0,0.6931471805599455,1.0,1.0,1.0,0.6931471805599455,1.0,1.0,1.0,0.6931471805599455,1.0
0.7676767676767676,1.0,1.0,0.6931471805599455,1.0,1.0,1.0,0.6931471805599455,1.0,1.0,1.0,0.6931471805599455,1.0,1.0,1.0,0.6931471805599455,1.0
0.7570441254651781,1.0,1.0,0.6931471805599455,1.0,1.0,1.0,0.6931471805599455,1.0,1.0,1.0,0.6931471805599455,1.0,1.0,1.0,0.6931471805599455,1.0
0.7464114832535885,1.0,1.0,0.6931471805599455,1.0,1.0,1.0,0.6931471805599455,1.0,1.0,1.0,0.6931471805599455,1.0,1.0,1.0,0.6931471805599455,1.0
0.7357788410419989,1.0,1.0,0.6931471805599455,1.0,1.0,1.0,0.6931471805599455,1.0,1.0,1.0,0.6931471805599455,1.0,1.0,1.0,0.6931471805599455,1.0
0.7251461988304094,1.0,1.0,0.6931471805599455,1.0,1.0,1.0,0.6931471805599455,1.0,1.0,1.0,0.6931471805599455,1.0,1.0,1.0,0.6931471805599455,1.0
0.7145135566188198,1.0,1.0,0.6931471805599455,1.0,1.0,1.0,0.6931471805599455,1.0,1.0,1.0,0.6931471805599455,1.0,1.0,1.0,0.6931471805599455,1.0
0.7038809144072302,1.0,1.0,0.6931471805599455,1.0,1.0,1.0,0.6931471805599455,1.0,1.0,1.0,0.6931471805599455,1.0,1.0,1.0,0.6931471805599455,1.0
0.6932482721956406,1.0,1.0,0.6931471805599455,1.0,1.0,1.0,0.6931471805599455,1.0,1.0,1.0,0.6931471805599455,1.0,1.0,1.0,0.6931471805599455,1.0
0.682615629984051,1.0,1.0,0.6931471805599455,1.0,1.0,1.0,0.6931471805599455,1.0,1.0,1.0,0.6931471805599455,1.0,1.0,1.0,0.6931471805599455,1.0
0.6719829877724615,1.0,1.0,0.6931471805599455,1.0,1.0,1.0,0.6931471805599455,1.0,1.0,1.0,0.6931471805599455,1.0,1.0,1.0,0.6931471805599455,1.0
0.6613503455608719,1.0,1.0,0.6931471805599455,1.0,1.0,1.0,0.6931471805599455,1.0,1.0,1.0,0.6931471805599455,1.0,1.0,1.0,0.6931471805599455,1.0
0.6507177033492823,1.0,1.0,0.6931471805599455,1.0,1.0,1.0,0.6931471805599455,1.0,1.0,1.0,0.6931471805599455,1.0,1.0,1.0,0.6931471805599455,1.0
0.6400850611376927,1.0,1.0,0.6931471805599455,1.0,1.0,1.0,0.6931471805599455,1.0,1.0,1.0,0.6931471805599455,1.0,1.0,1.0,0.6931471805599455,1.0
0.629452418926103,1.0,1.0,0.6931471805599455,1.0,1.0,1.0,0.6931471805599455,1.0,1.0,1.0,0.6931471805599455,1.0,1.0,1.0,0.6931471805599455,1.0
0.6188197767145136,1.0,1.0,0.6931471805599455,1.0,1.0,1.0,0.6931471805599455,1.0,1.0,1.0,0.6931471805599455,1.0,0.9974423076923077,0.995,0.6897696907944686,0.995
0.6081871345029239,0.9974423076923077,0.995,0.6897696907944686,0.995,1.0,1.0,0.6931471805599455,1.0,1.0,1.0,0.6931471805599455,1.0,0.9948846153846154,0.99,0.6863922010289919,0.99
0.5975544922913344,0.9948846153846154,0.99,0.6863922010289919,0.99,1.0,1.0,0.6931471805599455,1.0,0.9996346153846153,0.9992678347934918,0.6931471805599455,0.9989546274862403,0.974423076923077,0.95,0.6593722829051779,0.95
0.5869218500797448,0.9971923076923076,0.9944997039668442,0.6892671500793297,0.9942650579213819,1.0,1.0,0.6931471805599455,1.0,0.9993910256410257,0.9987791129889806,0.6931471805599455,0.9982876513545597,0.9718653846153846,0.945,0.6559947931397011,0.945
0.5762892078681552,0.992326923076923,0.985,0.6830147112635152,0.985,1.0,1.0,0.6931471805599455,1.0,0.9979615384615385,0.9959101727819194,0.6931471805599455,0.994569305301564,0.9565192307692308,0.915,0.6357298545468406,0.915
0.5656565656565656,0.9948846153846154,0.99,0.6863922010289919,0.99,1.0,1.0,0.6931471805599455,1.0,0.9967371794871795,0.99345505258904,0.6928006069696654,0.9908422799901508,0.907923076923077,0.82,0.5715575490027822,0.8199999999999997
0.5550239234449761,0.9883269230769232,0.9771017079643879,0.6771079864198885,0.9764019117476471,0.9997499999999999,0.9994997039668442,0.6926446398448064,0.9992650579213819,0.9917435897435897,0.9834211575644245,0.6929738937648053,0.9790611342639062,0.8767692307692307,0.7590509410437117,0.5302058356786387,0.7589608382779991
0.5443912812333864,0.9612051282051282,0.9241026488253261,0.6417582787529454,0.9241640338214957,0.9997499999999999,0.9994997039668442,0.6926446398448064,0.9992650579213819,0.9839807692307692,0.9678252989265086,0.6926273201745253,0.9593422939943959,0.7944038461538461,0.5980245824223887,0.42102945910717665,0.5972755929031449
0.533758639021797,0.9574807692307692,0.9167257113079552,0.6364488899352776,0.9164517982837161,0.9997499999999999,0.9994997039668442,0.6926446398448064,0.9992650579213819,0.9729358974358974,0.9455716384005431,0.6911526885366632,0.9349155430219633,0.736326923076923,0.48452547052185585,0.34485481664662826,0.4844804191389992
0.5231259968102073,0.9242051282051281,0.8516784683245824,0.5922355863983592,0.8511354070812583,0.99875,0.9974985198342213,0.6906344769842504,0.9963252896069094,0.9482307692307691,0.8957435676549997,0.6888236633650758,0.883617430086779,0.6619423076923076,0.3390767075987233,0.24658831802451897,0.33917619949561656
0.5124933545986178,0.8887115384615385,0.7821100329366406,0.5453895959654572,0.7823609354361329,0.9995,0.9989994079336886,0.6921420991296674,0.9985301158427637,0.9314999999999999,0.861835933048003,0.6888804166994161,0.8542443642847398,0.6235576923076923,0.26405094104371174,0.19583434889643986,0.2639608382779987
0.5018607123870281,0.8705705128205128,0.7466153284977493,0.520088749111278,0.7449198738117689,0.998,0.9959976317347542,0.6891268548388334,0.994120463371055,0.8759038461538461,0.7490329985983215,0.681305775530908,0.7596148106146373,0.557673076923077,0.13520613244009275,0.10957443229988886,0.1367228897409416
0.4912280701754385,0.7501153846153846,0.5109116968406267,0.3607155251258557,0.5095307802209185,0.9965128205128205,0.9930217041135758,0.6862789427105669,0.9899629051855194,0.8000384615384616,0.5946545902744027,0.6729589470506113,0.6472495162359452,0.50875,0.039602770186890665,0.04453309545698044,0.0401265027918522
0.480595427963849,0.6916794871794871,0.3961577211298822,0.28587788321249485,0.4015723013408583,0.9920384615384614,0.9840678161608403,0.6774130472141809,0.9769965902836901,0.7336602564102565,0.45874334624290186,0.6636928405352915,0.5506860223312176,0.4959358974358974,0.014552525404618055,0.02746577784634593,0.014706548417497483
0.4699627857522593,0.6159807692307693,0.2484156535087132,0.18483179896030755,0.25051390288211833,0.978121794871795,0.9562196941401478,0.6508911133041871,0.938202089513593,0.6767692307692308,0.341915025926294,0.6511742063215294,0.47385301072470815,0.4909038461538461,0.0046800698519254514,0.02116553503642647,0.005772586444705561
0.4593301435406698,0.5323717948717949,0.0850783323744696,0.07600094033900981,0.08943489133885386,0.9514294871794872,0.9028208481080607,0.6041618079110734,0.8700976624729019,0.6226410256410255,0.23005257908143867,0.6149850021174545,0.38230571001096086,0.4884935897435897,2.70548827621747e-05,0.017744226619126908,0.00022612927849778559
0.4486975013290803,0.49650000000000005,0.014945598932481173,0.03095351729886644,0.023262600864185714,0.9198333333333332,0.839638956597044,0.5508908850900839,0.7922671017793698,0.589525641025641,0.16140965543269067,0.5756028394485458,0.3132448807829564,0.48849999999999993,5.15331100231899e-05,0.01783247275644988,0.00043072243523468236
0.4380648591174906,0.4947307692307692,0.011782044830819478,0.02802420545852144,0.017995849546728494,0.8173076923076923,0.6346090599914169,0.3979844795374207,0.5684992730865117,0.5624743589743588,0.10536308707093756,0.49686026995568366,0.22853784623814563,0.48849999999999993,5.15331100231899e-05,0.01783247275644988,0.00043072243523468236
0.4274322169059011,0.48885256410256406,0.0005483763162980855,0.01881600624267773,0.0025773448165309675,0.6584871794871796,0.317290627806739,0.1940233295240055,0.2688613606200994,0.5395320512820513,0.05794535237063153,0.4047148094901419,0.14378008960726077,0.48849999999999993,5.15331100231899e-05,0.01783247275644988,0.0004307224352346825
0.4167995746943115,0.488576923076923,8.368890231032128e-05,0.017960528211293136,0.0007681820247787393,0.5258333333333333,0.05250100953403011,0.04181007728272897,0.04317053086606494,0.5215576923076922,0.021052669558214516,0.28782635231630904,0.05602110134679356,0.4884615384615384,0.0,0.017649227464594342,-9.135360896373227e-16
