,spectral_clustering,spectral_clustering,spectral_clustering,spectral_clustering,normalized_spectral_clustering,normalized_spectral_clustering,normalized_spectral_clustering,normalized_spectral_clustering,louvain,louvain,louvain,louvain,mst_cut_clustering,mst_cut_clustering,mst_cut_clustering,mst_cut_clustering
,RI,ARI,MI,AMI,RI,ARI,MI,AMI,RI,ARI,MI,AMI,RI,ARI,MI,AMI
r_in,,,,,,,,,,,,,,,,
0.8421052631578947,1.0,1.0,0.6931471805599455,1.0,1.0,1.0,0.6931471805599455,1.0,1.0,1.0,0.6931471805599455,1.0,1.0,1.0,0.6931471805599455,1.0
0.8314726209463051,1.0,1.0,0.6931471805599455,1.0,1.0,1.0,0.6931471805599455,1.0,1.0,1.0,0.6931471805599455,1.0,1.0,1.0,0.6931471805599455,1.0
0.8208399787347155,1.0,1.0,0.6931471805599455,1.0,1.0,1.0,0.6931471805599455,1.0,1.0,1.0,0.6931471805599455,1.0,1.0,1.0,0.6931471805599455,1.0
0.810207336523126,1.0,1.0,0.6931471805599455,1.0,1.0,1.0,0.6931471805599455,1.0,1.0,1.0,0.6931471805599455,1.0,1.0,1.0,0.6931471805599455,1.0
0.7995746943115364,1.0,1.0,0.6931471805599455,1.0,1.0,1.0,0.6931471805599455,1.0,1.0,1.0,0.6931471805599455,1.0,1.0,1.0,0.6931471805599455,1.0
0.7889420520999468,1.0,1.0,0.6931471805599455,1.0,1.0,1.0,0.6931471805599455,1.0,1.0,1.0,0.6931471805599455,1.0,1.0,1.0,0.6931471805599455,1.0
0.7783094098883572,1.0,1.0,0.6931471805599455,1.0,1.0,1.0,0.6931471805599455,1.0,1.0,1.0,0.6931471805599455,1.0,1.0,1.0,0.6931471805599455,1.0
0.7676767676767676,1.0,1.0,0.6931471805599455,1.0,1.0,1.0,0.6931471805599455,1.0,1.0,1.0,0.6931471805599455,1.0,1.0,1.0,0.6931471805599455,1.0
0.7570441254651781,1.0,1.0,0.6931471805599455,1.0,1.0,1.0,0.6931471805599455,1.0,1.0,1.0,0.6931471805599455,1.0,1.0,1.0,0.6931471805599455,1.0
0.7464114832535885,1.0,1.0,0.6931471805599455,1.0,1.0,1.0,0.6931471805599455,1.0,1.0,1.0,0.6931471805599455,1.0,1.0,1.0,0.6931471805599455,1.0
0.7357788410419989,1.0,1.0,0.6931471805599455,1.0,1.0,1.0,0.6931471805599455,1.0,1.0,1.0,0.6931471805599455,1.0,1.0,1.0,0.6931471805599455,1.0
0.7251461988304094,1.0,1.0,0.6931471805599455,1.0,1.0,1.0,0.6931471805599455,1.0,1.0,1.0,0.6931471805599455,1.0,1.0,1.0,0.6931471805599455,1.0
0.7145135566188198,1.0,1.0,0.6931471805599455,1.0,1.0,1.0,0.6931471805599455,1.0,1.0,1.0,0.6931471805599455,1.0,1.0,1.0,0.6931471805599455,1.0
0.7038809144072302,1.0,1.0,0.6931471805599455,1.0,1.0,1.0,0.6931471805599455,1.0,1.0,1.0,0.6931471805599455,1.0,1.0,1.0,0.6931471805599455,1.0
0.6932482721956406,1.0,1.0,0.6931471805599455,1.0,1.0,1.0,0.6931471805599455,1.0,1.0,1.0,0.6931471805599455,1.0,1.0,1.0,0.6931471805599455,1.0
0.682615629984051,1.0,1.0,0.6931471805599455,1.0,1.0,1.0,0.6931471805599455,1.0,1.0,1.0,0.6931471805599455,1.0,1.0,1.0,0.6931471805599455,1.0
0.6719829877724615,1.0,1.0,0.6931471805599455,1.0,1.0,1.0,0.6931471805599455,1.0,1.0,1.0,0.6931471805599455,1.0,1.0,1.0,0.6931471805599455,1.0
0.6613503455608719,1.0,1.0,0.6931471805599455,1.0,1.0,1.0,0.6931471805599455,1.0,1.0,1.0,0.6931471805599455,1.0,1.0,1.0,0.6931471805599455,1.0
0.6507177033492823,1.0,1.0,0.6931471805599455,1.0,1.0,1.0,0.6931471805599455,1.0,1.0,1.0,0.6931471805599455,1.0,1.0,1.0,0.6931471805599455,1.0
0.6400850611376927,1.0,1.0,0.6931471805599455,1.0,1.0,1.0,0.6931471805599455,1.0,1.0,1.0,0.6931471805599455,1.0,1.0,1.0,0.6931471805599455,1.0
0.629452418926103,1.0,1.0,0.6931471805599455,1.0,1.0,1.0,0.6931471805599455,1.0,1.0,1.0,0.6931471805599455,1.0,1.0,1.0,0.6931471805599455,1.0
0.6188197767145136,1.0,1.0,0.6931471805599455,1.0,1.0,1.0,0.6931471805599455,1.0,1.0,1.0,0.6931471805599455,1.0,1.0,1.0,0.6931471805599455,1.0
0.6081871345029239,1.0,1.0,0.6931471805599455,1.0,1.0,1.0,0.6931471805599455,1.0,1.0,1.0,0.6931471805599455,1.0,1.0,1.0,0.6931471805599455,1.0
0.5975544922913344,1.0,1.0,0.6931471805599455,1.0,1.0,1.0,0.6931471805599455,1.0,1.0,1.0,0.6931471805599455,1.0,1.0,1.0,0.6931471805599455,1.0
0.5869218500797448,1.0,1.0,0.6931471805599455,1.0,1.0,1.0,0.6931471805599455,1.0,1.0,1.0,0.6931471805599455,1.0,1.0,1.0,0.6931471805599455,1.0
0.5762892078681552,1.0,1.0,0.6931471805599455,1.0,1.0,1.0,0.6931471805599455,1.0,1.0,1.0,0.6931471805599455,1.0,1.0,1.0,0.6931471805599455,1.0
0.5656565656565656,1.0,1.0,0.6931471805599455,1.0,1.0,1.0,0.6931471805599455,1.0,1.0,1.0,0.6931471805599455,1.0,1.0,1.0,0.6931471805599455,1.0
0.5550239234449761,1.0,1.0,0.6931471805599455,1.0,1.0,1.0,0.6931471805599455,1.0,1.0,1.0,0.6931471805599455,1.0,1.0,1.0,0.6931471805599455,1.0
0.5443912812333864,1.0,1.0,0.6931471805599455,1.0,1.0,1.0,0.6931471805599455,1.0,1.0,1.0,0.6931471805599455,1.0,1.0,1.0,0.6931471805599455,1.0
0.533758639021797,1.0,1.0,0.6931471805599455,1.0,1.0,1.0,0.6931471805599455,1.0,1.0,1.0,0.6931471805599455,1.0,1.0,1.0,0.6931471805599455,1.0
0.5231259968102073,1.0,1.0,0.6931471805599455,1.0,1.0,1.0,0.6931471805599455,1.0,1.0,1.0,0.6931471805599455,1.0,1.0,1.0,0.6931471805599455,1.0
0.5124933545986178,1.0,1.0,0.6931471805599455,1.0,1.0,1.0,0.6931471805599455,1.0,0.9989038461538462,0.9978028927136364,0.6931471805599455,0.9968938213362134,1.0,1.0,0.6931471805599455,1.0
0.5018607123870281,1.0,1.0,0.6931471805599455,1.0,1.0,1.0,0.6931471805599455,1.0,0.9938846153846154,0.9877353098809074,0.6931471805599455,0.9834907414954533,0.9948846153846154,0.99,0.6863922010289919,0.99
0.4912280701754385,1.0,1.0,0.6931471805599455,1.0,1.0,1.0,0.6931471805599455,1.0,0.9550064102564102,0.909494938758395,0.6931471805599453,0.8962735868207042,0.9948846153846154,0.99,0.6863922010289919,0.99
0.480595427963849,1.0,1.0,0.6931471805599455,1.0,1.0,1.0,0.6931471805599455,1.0,0.8252371794871795,0.6459482647154056,0.6931471805599453,0.6919764678676888,0.9769807692307693,0.955,0.6627497726706545,0.955
0.4699627857522593,0.9948846153846154,0.99,0.6863922010289919,0.99,1.0,1.0,0.6931471805599455,1.0,0.6668846153846155,0.3212309473370307,0.6931471805599453,0.48033345887654755,0.8488653846153846,0.704525470521856,0.4934643663276056,0.7044804191389994
0.4593301435406698,0.9360576923076923,0.875,0.6087099364230265,0.875,1.0,1.0,0.6931471805599455,1.0,0.5895384615384615,0.16080488184389552,0.6929738937648053,0.3592535494677229,0.6568076923076924,0.32905094104371174,0.23974171584763768,0.32896083827799877
0.4486975013290803,0.856051282051282,0.7184383823202376,0.5029400649256259,0.7191185632352205,0.9995,0.9989994079336886,0.6921420991296674,0.9985301158427637,0.5587756410256409,0.09651073382535252,0.6912410258134055,0.28211334505081737,0.521826923076923,0.06515459933006956,0.06210633029135876,0.06629216730570593
0.4380648591174906,0.637948717948718,0.29170099817826584,0.21586231908762624,0.2958756949927506,0.9995,0.9989994079336886,0.6921420991296674,0.9985301158427637,0.5424358974358974,0.06227628686233742,0.6854996303150142,0.21648386547478957,0.4934038461538461,0.009602770186890666,0.024268156864119917,0.010126502791852171
0.4274322169059011,0.5023589743589744,0.02662054099581213,0.03823823648868626,0.033513376645012846,0.9719423076923077,0.9438571064367732,0.6403640573536,0.9228730365084599,0.5300833333333332,0.03644357160235215,0.6582052662012938,0.14377567827788496,0.48848076923076916,2.576655501159495e-05,0.01774085011052211,0.00021536121761688435
0.4167995746943115,0.4887115384615385,0.0002299927571676634,0.018494653647655682,0.0020459336501159687,0.6516025641025641,0.30357535864479146,0.18811007418496722,0.26059203123718067,0.5193910256410256,0.014268466650402321,0.5821417433602334,0.059901904180712486,0.4884615384615384,0.0,0.017649227464594342,-9.135360896373227e-16
