,spectral_clustering,spectral_clustering,normalized_spectral_clustering,normalized_spectral_clustering,louvain,louvain
,RI,ARI,RI,ARI,RI,ARI
r_in,,,,,,
0.05,0.4844777777777779,-0.00024480854942848394,0.5025666666666667,0.0025454132937899844,0.5438444444444445,0.0018192863110714401
0.07435897435897436,0.4860222222222223,0.002473049136529567,0.5056333333333334,0.008580832174618042,0.5428333333333334,-0.00016522730392373508
0.09871794871794873,0.48653333333333343,0.004353948859698131,0.508488888888889,0.014082416877055757,0.5481555555555556,0.011547998800938701
0.12307692307692308,0.4890222222222223,0.008677140864772675,0.5126111111111111,0.022751931308837178,0.5507777777777777,0.01758764251325209
0.14743589743589744,0.49280000000000007,0.017003471777056176,0.5168333333333334,0.03134817320658178,0.5543555555555556,0.025424850126686157
0.1717948717948718,0.49624444444444454,0.024771552986544897,0.5265333333333334,0.05035930947570058,0.5585444444444444,0.03489729533022874
0.19615384615384615,0.5012888888888889,0.034201704172635274,0.536088888888889,0.07001715304703614,0.5665555555555555,0.05260781447575824
0.22051282051282053,0.5035444444444445,0.03985233643210909,0.5450777777777778,0.0877920046544648,0.5700777777777778,0.06061416040392081
0.2448717948717949,0.5087777777777778,0.050054511008145314,0.554088888888889,0.10634747453276819,0.5739888888888888,0.06941053167004584
0.2692307692307692,0.5174777777777779,0.06739199406849794,0.5710333333333333,0.13964400737657057,0.5835222222222223,0.09059687147601765
0.2935897435897436,0.5235666666666667,0.07920379120440578,0.5866555555555556,0.17116533986414678,0.5897444444444444,0.10472296763826999
0.31794871794871793,0.5341666666666668,0.10120481972350465,0.6091777777777779,0.21618040041839776,0.6002555555555554,0.12790512437032955
0.3423076923076923,0.5409333333333334,0.11413890779706869,0.6217555555555556,0.24182348085074207,0.6071888888888889,0.14418771348474685
0.3666666666666667,0.5517777777777778,0.13607309290866243,0.645588888888889,0.2893200576347085,0.6199222222222223,0.17247056568778937
0.391025641025641,0.5675,0.16715040466118603,0.6709555555555556,0.34036920399410214,0.6316444444444443,0.19857194913682605
0.41538461538461535,0.5891444444444445,0.20697593876942336,0.6961333333333335,0.39083287808074746,0.6447777777777777,0.22814560641197118
0.4397435897435898,0.6072555555555555,0.2426980336146456,0.714411111111111,0.42735680471831666,0.6571555555555555,0.25550312864616564
0.46410256410256406,0.6266555555555555,0.28119447983835394,0.7489111111111112,0.4966415632784571,0.6762333333333334,0.29769352596966414
0.48846153846153845,0.6504444444444446,0.32576985822365795,0.7647666666666667,0.5283830644693783,0.6872333333333333,0.322282957919298
0.5128205128205128,0.6622444444444445,0.34931533494923356,0.7883888888888889,0.5754298843525126,0.7046222222222223,0.36083315224321716
0.5371794871794872,0.6857444444444445,0.39461367606101216,0.8163111111111111,0.6316566994467571,0.7212888888888888,0.39747399748742784
0.5615384615384615,0.7245555555555556,0.46952345715834004,0.8483222222222223,0.6961499909683219,0.7450333333333333,0.45018769058131736
0.5858974358974359,0.7419888888888889,0.503083787927797,0.864488888888889,0.7283684381078005,0.7665666666666666,0.49731000390805224
0.6102564102564103,0.7625333333333334,0.5422183076735657,0.8807888888888888,0.7609577514062112,0.7870333333333333,0.5423428305426774
0.6346153846153846,0.7878888888888891,0.5910681799278307,0.9002111111111111,0.7998468997819795,0.8089,0.5896276992112439
0.658974358974359,0.8080444444444445,0.6301716886717552,0.9174222222222224,0.834443408009208,0.8295777777777777,0.6349097242459132
0.6833333333333333,0.8352333333333334,0.6821684715460132,0.9336666666666666,0.8671386213878538,0.8542111111111113,0.6879715243504122
0.7076923076923077,0.8492333333333334,0.7092606502808221,0.9436000000000001,0.8869424527517212,0.8723333333333334,0.7271494941012604
0.7320512820512821,0.8679555555555556,0.7455333268081209,0.9566888888888889,0.9131400492331476,0.8960333333333335,0.7784133949391754
0.7564102564102564,0.8920333333333333,0.7917073606916165,0.9654888888888891,0.9307835870464732,0.9130333333333333,0.814622217500759
0.7807692307692308,0.909588888888889,0.8259176091677833,0.9789,0.957627159978324,0.9347666666666666,0.8613582844072826
0.8051282051282052,0.9323666666666668,0.869785169984583,0.9842222222222222,0.9683526342674469,0.9494111111111112,0.8926201728735236
0.8294871794871796,0.9468888888888889,0.8976812216709865,0.9908444444444444,0.9816298662051408,0.9614222222222222,0.9182142819882747
0.8538461538461539,0.9653777777777778,0.9330982772599149,0.9942000000000001,0.9883450395083407,0.9739333333333334,0.9447159866792321
0.8782051282051282,0.9775555555555555,0.9567563337268065,0.9965444444444445,0.9930574363476734,0.9822222222222223,0.962225348113577
0.9025641025641026,0.9837555555555556,0.968689619031216,0.9979333333333332,0.995856839332748,0.9863,0.9708045208782453
0.9269230769230768,0.9921444444444444,0.9850162339162616,0.9997,0.9993955223880597,0.9902333333333333,0.9789795980662231
0.9512820512820513,0.9979000000000001,0.9959323926385522,0.9997,0.9993955223880596,0.9930777777777778,0.9849770397408257
0.9756410256410256,0.9991333333333333,0.9983463543526386,1.0,1.0,0.9961222222222222,0.9915267577138868
1.0,1.0,1.0,1.0,1.0,0.9962222222222221,0.9915
