,spectral_clustering,spectral_clustering,normalized_spectral_clustering,normalized_spectral_clustering,louvain,louvain
,RI,ARI,RI,ARI,RI,ARI
r_in,,,,,,
0.05,0.4819111111111112,-0.002361384409223234,0.4991555555555556,-0.003323090850279984,0.549211111111111,0.0020455966403961348
0.07435897435897436,0.48587777777777785,0.005425837656636602,0.5076,0.013282229186182791,0.5502777777777778,0.004984710887907517
0.09871794871794873,0.4895777777777778,0.013250561098252055,0.5133444444444444,0.024682503161087326,0.5555888888888888,0.01663996987508751
0.12307692307692308,0.4904666666666668,0.015394755913648757,0.5219000000000001,0.04184734523274425,0.5596555555555556,0.02592530876610293
0.14743589743589744,0.49867777777777783,0.032350423060604656,0.5391444444444445,0.07670645071854351,0.5659555555555555,0.04030347002388368
0.1717948717948718,0.5071555555555556,0.04902085578300448,0.5578000000000001,0.11362169400674645,0.5726333333333332,0.05574028394285787
0.19615384615384615,0.5175666666666666,0.06853932308622943,0.5784888888888889,0.15497907440002354,0.5783888888888888,0.06897692517109379
0.22051282051282053,0.5267222222222222,0.08751838437981778,0.6051777777777778,0.20861346232530004,0.5895222222222222,0.09418724271325192
0.2448717948717949,0.5422888888888889,0.11891479817350063,0.6317111111111111,0.26190361250320315,0.5951333333333332,0.10715469692822199
0.2692307692307692,0.5595333333333333,0.1527943372638636,0.660988888888889,0.3205435476431521,0.6051555555555554,0.1302512483183032
0.2935897435897436,0.5822333333333334,0.19404340775716128,0.6977,0.3936646337969595,0.6143666666666665,0.1514865584082325
0.31794871794871793,0.6111222222222222,0.25053434247283146,0.7450111111111112,0.48858439284018973,0.6281111111111111,0.18285617004142662
0.3423076923076923,0.6386888888888889,0.30396388799038865,0.7693777777777778,0.5380291834942932,0.6388333333333333,0.20778245680382354
0.3666666666666667,0.6817444444444445,0.3862420482165586,0.8125777777777777,0.6242124942974404,0.6569888888888888,0.24905012150071434
0.391025641025641,0.7163777777777779,0.4533012593939954,0.8443444444444445,0.6877523397927334,0.6699777777777777,0.2788189061263106
0.41538461538461535,0.7549333333333333,0.5273316647273064,0.8786666666666667,0.7565685298528467,0.6864555555555555,0.3167315301487941
0.4397435897435898,0.782688888888889,0.5806829712120511,0.8957444444444445,0.7908823063125128,0.7044888888888888,0.3571020565868823
0.46410256410256406,0.8110666666666667,0.6349965483026746,0.9189333333333334,0.837192325258033,0.7294222222222222,0.4131883777764372
0.48846153846153845,0.8377111111111112,0.6863659457847269,0.9348,0.8691892189488806,0.7488222222222222,0.4563790747286488
0.5128205128205128,0.8680666666666667,0.7453955035685631,0.9566111111111111,0.9127963585114114,0.7791333333333335,0.5238131954184646
0.5371794871794872,0.8945444444444445,0.796128696539817,0.9683666666666668,0.9364750265279289,0.8091111111111111,0.5895640931265698
0.5615384615384615,0.9122888888888889,0.8298917482388227,0.9745111111111111,0.9487893879042727,0.8346666666666667,0.6456662625110466
0.5858974358974359,0.9334888888888889,0.8711991124590949,0.9826666666666667,0.9651881411966344,0.8618222222222223,0.7048531493573864
0.6102564102564103,0.9493333333333334,0.9020315310584706,0.989588888888889,0.979077258654658,0.8910222222222224,0.7677092418397742
0.6346153846153846,0.9539777777777778,0.9113032627462182,0.9920777777777778,0.9840723968393327,0.9159555555555555,0.8213291312844454
0.658974358974359,0.9669888888888888,0.9363331449983406,0.9952444444444444,0.990462245485211,0.9357222222222221,0.8637287653326526
0.6833333333333333,0.9786777777777776,0.9588002360838643,0.9976888888888888,0.9953485513608428,0.9571888888888889,0.909709076891168
0.7076923076923077,0.9819555555555556,0.9650662673124666,0.9974222222222222,0.994811237928007,0.9680222222222223,0.9325058774316478
0.7320512820512821,0.9870777777777778,0.9751163049094522,0.9990999999999999,0.998186567164179,0.9768222222222223,0.9511534843489039
0.7564102564102564,0.9912444444444445,0.9832028010804408,0.9992000000000001,0.9983880597014925,0.9866333333333334,0.971862519690787
0.7807692307692308,0.9935888888888889,0.9877168505908397,0.9997999999999999,0.999597014925373,0.9907,0.980421700106685
0.8051282051282052,0.9972888888888889,0.994666810893464,0.9996,0.9991940298507462,0.9945888888888889,0.9885878129993313
0.8294871794871796,0.9988888888888889,0.9978410886742757,0.9997999999999999,0.999597014925373,0.9965777777777778,0.992819252809346
0.8538461538461539,0.9996333333333334,0.9992985074626866,1.0,1.0,0.9984,0.996606674647877
0.8782051282051282,0.9998222222222222,0.9996470588235294,1.0,1.0,0.9987444444444445,0.9973380589246503
0.9025641025641026,0.9995,0.9990478468899521,1.0,1.0,0.9992222222222221,0.9983326376315088
0.9269230769230768,0.9996333333333334,0.9992985074626866,0.9999,0.9997985074626865,0.9998666666666666,0.9997244897959183
0.9512820512820513,1.0,1.0,1.0,1.0,1.0,1.0
0.9756410256410256,1.0,1.0,1.0,1.0,0.9999111111111111,0.9998125
1.0,1.0,1.0,1.0,1.0,1.0,1.0
