,spectral_clustering,spectral_clustering,normalized_spectral_clustering,normalized_spectral_clustering,louvain,louvain
,RI,ARI,RI,ARI,RI,ARI
r_in,,,,,,
0.05,0.479688888888889,-0.00464839643605782,0.5000555555555556,-0.0018963096983419538,0.5551888888888888,-3.31471806881643e-05
0.07435897435897436,0.4913111111111112,0.018812087493856357,0.5247777777777778,0.04772757535150031,0.5561222222222222,0.0022265193370165745
0.09871794871794873,0.5065222222222222,0.049671653301183366,0.5717666666666666,0.14201025074458834,0.5586222222222222,0.008260917101194249
0.12307692307692308,0.5425333333333333,0.11931585525790692,0.6480444444444445,0.2947933226073405,0.5609777777777777,0.013871454150414391
0.14743589743589744,0.6069666666666667,0.2428687813115677,0.7399777777777778,0.4789321684849045,0.5638999999999998,0.021058584169814345
0.1717948717948718,0.6934333333333333,0.4093069603572344,0.8339333333333334,0.6671551880059314,0.5683111111111109,0.03183521443204374
0.19615384615384615,0.7799777777777778,0.5750654499245959,0.9058666666666668,0.8110723356759686,0.5740111111111109,0.04579795678785264
0.22051282051282053,0.8504555555555555,0.7107971301947902,0.9462999999999999,0.892144034429597,0.5801,0.060805720924458385
0.2448717948717949,0.9144444444444445,0.8336635958681122,0.9750666666666667,0.9498797520699346,0.5887666666666665,0.08202207765299283
0.2692307692307692,0.9492333333333334,0.901413881899257,0.9892777777777778,0.9784218612818262,0.5996777777777776,0.10864486850300878
0.2935897435897436,0.9747111111111111,0.9507659997227484,0.9947222222222223,0.9893709394205443,0.6136333333333333,0.1424497955067458
0.31794871794871793,0.9861444444444444,0.9731457271761093,0.9984000000000001,0.996776119402985,0.631,0.18413548362302215
0.3423076923076923,0.9923222222222222,0.9850877921117744,0.9994,0.9987910447761194,0.6530888888888887,0.23656513601967635
0.3666666666666667,0.995,0.9903143107989464,0.9997,0.9993955223880596,0.6816111111111111,0.30311026286963166
0.391025641025641,0.9979444444444443,0.9959793636657691,0.9999,0.9997985074626865,0.721111111111111,0.3935714657053451
0.41538461538461535,0.9997,0.9993955223880596,1.0,1.0,0.7745222222222222,0.5134207505102817
0.4397435897435898,0.9999,0.9997985074626865,1.0,1.0,0.832788888888889,0.6414541793942556
0.46410256410256406,0.9997999999999999,0.999597014925373,1.0,1.0,0.887588888888889,0.7605220561227634
0.48846153846153845,1.0,1.0,1.0,1.0,0.9362222222222224,0.8649378312243342
0.5128205128205128,1.0,1.0,1.0,1.0,0.9686666666666668,0.934020727906604
0.5371794871794872,1.0,1.0,1.0,1.0,0.9861444444444444,0.9709574581370164
0.5615384615384615,1.0,1.0,1.0,1.0,0.9952888888888889,0.9901710836308573
0.5858974358974359,1.0,1.0,1.0,1.0,0.9982888888888889,0.9964272287862513
0.6102564102564103,1.0,1.0,1.0,1.0,0.9994888888888889,0.9989424573953293
0.6346153846153846,1.0,1.0,1.0,1.0,0.9998222222222222,0.9996326530612246
0.658974358974359,1.0,1.0,1.0,1.0,0.9999555555555555,0.9999081632653062
0.6833333333333333,1.0,1.0,1.0,1.0,1.0,1.0
0.7076923076923077,1.0,1.0,1.0,1.0,0.9999333333333333,0.999860824742268
0.7320512820512821,1.0,1.0,1.0,1.0,1.0,1.0
0.7564102564102564,1.0,1.0,1.0,1.0,1.0,1.0
0.7807692307692308,1.0,1.0,1.0,1.0,1.0,1.0
0.8051282051282052,1.0,1.0,1.0,1.0,1.0,1.0
0.8294871794871796,1.0,1.0,1.0,1.0,1.0,1.0
0.8538461538461539,1.0,1.0,1.0,1.0,1.0,1.0
0.8782051282051282,1.0,1.0,1.0,1.0,1.0,1.0
0.9025641025641026,1.0,1.0,1.0,1.0,1.0,1.0
0.9269230769230768,1.0,1.0,1.0,1.0,1.0,1.0
0.9512820512820513,1.0,1.0,1.0,1.0,1.0,1.0
0.9756410256410256,1.0,1.0,1.0,1.0,1.0,1.0
1.0,1.0,1.0,1.0,1.0,1.0,1.0
